Exp	Year	Date	Plot	NumSp	SpNum	FgNum	Fgset	C3	C4	Forb	Legume	Woody	Achmi	Agrsm	Amocan	Andge	Asctu	Elyca	Koecr	Lesca	Liaas	Luppe	Monfi	Panvi	Petpu	Poapr	Queel	Quema	Schsc	Sornu	PARAboveCanopy	PARBelowCanopy	pLight	LAI
120	1996		3	4	5	2	4F	0	1	1	0	0	0	0	0	0	1	0	0	0	1	0	1	1	0	0	0	0	0	0	1668	1357	81.4
120	1996		5	1	1	1	4	0	1	0	0	0	0	0	0	1	0	0	0	0	0	0	0	0	0	0	0	0	0	0	1567	1299	82.9
120	1996		6	2	2	1	4	0	1	0	0	0	0	0	0	0	0	0	0	0	0	0	0	1	0	0	0	0	1	0	1675	1034	61.7
120	1996		9	16	17	5	34FLW	1	1	1	1	1	1	1	1	1	1	1	0	1	1	1	1	1	1	1	0	1	1	1	1444	602	41.7
120	1996		11	1	1	1	F	0	0	1	0	0	1	0	0	0	0	0	0	0	0	0	0	0	0	0	0	0	0	0	1638	1109	67.7
120	1996		12	8	10	4	34FL	1	1	1	1	0	1	0	1	0	0	0	1	0	0	1	1	0	0	1	0	0	1	1	1726	562	32.6
120	1996		14	2	2	1	F	0	0	1	0	0	0	0	0	0	1	0	0	0	1	0	0	0	0	0	0	0	0	0	1719	1510	87.8
120	1996		15	8	10	4	3FLW	1	0	1	1	1	0	1	1	0	0	1	0	0	0	0	1	0	1	1	1	1	0	0	1734.5	1105	63.7
120	1996		16	1	1	1	F	0	0	1	0	0	0	0	0	0	1	0	0	0	0	0	0	0	0	0	0	0	0	0	1740.5	1420	81.6
120	1996		20	1	1	1	L	0	0	0	1	0	0	0	1	0	0	0	0	0	0	0	0	0	0	0	0	0	0	0	1548.5	1462	94.4
120	1996		22	8	10	4	3FLW	1	0	1	1	1	0	1	1	0	1	1	1	0	1	0	1	0	0	0	0	1	0	0	1234	935	75.8
120	1996		24	4	4	3	34F	1	1	1	0	0	0	0	0	0	1	1	0	0	0	0	0	1	0	0	0	0	1	0	1153	1027	89.1
120	1996		26	4	4	3	34L	1	1	0	1	0	0	1	0	0	0	1	0	0	0	0	0	0	1	0	0	0	0	1	1127.5	973	86.3
120	1996		27	16	17	5	34FLW	1	1	1	1	1	1	1	1	0	1	0	1	1	1	1	1	1	1	1	1	1	1	1	1159.5	887	76.5
120	1996		28	4	4	2	LW	0	0	0	1	1	0	0	0	0	0	0	0	1	0	0	0	0	1	0	1	1	0	0	1145.5	990	86.4
120	1996		29	1	1	1	L	0	0	0	1	0	0	0	0	0	0	0	0	1	0	0	0	0	0	0	0	0	0	0	1115	694	62.2
120	1996		30	16	17	5	34FLW	1	1	1	1	1	1	1	1	1	1	1	1	0	1	1	1	1	0	1	1	1	1	1	1104	838	75.9
120	1996		31	1	1	1	4	0	1	0	0	0	0	0	0	0	0	0	0	0	0	0	0	0	0	0	0	0	1	0	1072.5	936	87.3
120	1996		32	2	2	2	4W	0	1	0	0	1	0	0	0	1	0	0	0	0	0	0	0	0	0	0	1	0	0	0	1109	986	88.9
120	1996		33	4	5	4	34FL	1	1	1	1	0	0	1	1	1	0	0	0	0	1	0	0	0	0	0	0	0	0	0	1109	1020	92
120	1996		34	16	17	5	34FLW	1	1	1	1	1	1	1	1	1	1	1	1	0	0	1	1	1	1	1	1	1	1	1	1133.5	972	85.8
120	1996		35	16	17	5	34FLW	1	1	1	1	1	0	1	1	1	1	1	1	1	1	1	1	1	1	0	1	1	1	1	1086	801	73.8
120	1996		44	4	5	3	4FL	0	1	1	1	0	0	0	1	0	1	0	0	0	0	0	0	1	1	0	0	0	0	0	1930.5	1708	88.5
120	1996		45	4	4	4	4FLW	0	1	1	1	1	0	0	0	1	0	0	0	0	1	0	0	0	1	0	0	1	0	0	1878.5	1606	85.5
120	1996		46	16	17	5	34FLW	1	1	1	1	1	1	1	1	1	1	1	1	0	1	1	1	1	1	1	1	1	1	0	1867	1581	84.7
120	1996		48	2	2	2	3L	1	0	0	1	0	0	0	0	0	0	0	1	1	0	0	0	0	0	0	0	0	0	0	1854	1195	64.5
120	1996		50	8	9	4	3FLW	1	0	1	1	1	1	0	1	0	0	1	1	1	0	0	0	0	1	1	0	1	0	0	1848.5	1383	74.8
120	1996		53	4	4	4	34LW	1	1	0	1	1	0	0	0	0	0	0	0	1	0	0	0	0	0	1	0	1	0	1	1789	1189	66.5
120	1996		56	2	2	2	4L	0	1	0	1	0	0	0	0	0	0	0	0	0	0	1	0	0	0	0	0	0	1	0	1657.5	1004	60.6
120	1996		57	8	10	4	34FL	1	1	1	1	0	1	1	1	0	0	0	1	1	0	0	1	0	0	1	0	0	1	0	1751.5	1100	62.8
120	1996		58	4	5	3	34F	1	1	1	0	0	0	0	0	1	0	0	0	0	0	0	1	0	0	1	0	0	0	1	1282	978	76.3
120	1996		62	4	5	3	3LW	1	0	0	1	1	0	0	1	0	0	1	0	1	0	0	0	0	0	0	0	1	0	0	1330	784	58.9
120	1996		67	8	10	5	34FLW	1	1	1	1	1	0	1	1	0	0	0	1	0	0	1	1	0	0	0	1	1	0	1	1364	462	33.9
120	1996		68	16	17	5	34FLW	1	1	1	1	1	1	1	0	0	1	1	1	1	1	1	1	1	1	1	1	1	1	1	1369	606	44.3
120	1996		69	1	1	1	F	0	0	1	0	0	1	0	0	0	0	0	0	0	0	0	0	0	0	0	0	0	0	0	1420	1142	80.4
120	1996		70	4	4	3	4FL	0	1	1	1	0	0	0	0	1	1	0	0	0	0	1	0	0	0	0	0	0	1	0	1405	570	40.6
120	1996		73	2	3	2	FW	0	0	1	0	1	0	0	0	0	0	0	0	0	0	0	1	0	0	0	1	0	0	0	1455	1161	79.8
120	1996		74	8	9	5	34FLW	1	1	1	1	1	1	1	1	0	1	1	1	0	0	0	0	0	0	0	0	1	0	1	1479	1162	78.6
120	1996		75	2	2	2	4F	0	1	1	0	0	0	0	0	0	1	0	0	0	0	0	0	1	0	0	0	0	0	0	1399	1106	79.1
120	1996		81	8	8	4	34FL	1	1	1	1	0	1	1	0	0	0	1	0	1	1	0	0	0	1	1	0	0	1	0	2061.5	887	43
120	1996		82	16	17	5	34FLW	1	1	1	1	1	1	0	1	1	1	1	0	1	1	1	1	1	1	1	1	1	1	1	2079	798	38.4
120	1996		83	1	1	1	L	0	0	0	1	0	0	0	0	0	0	0	0	0	0	1	0	0	0	0	0	0	0	0	2069.5	624	30.2
120	1996		87	1	1	1	4	0	1	0	0	0	0	0	0	0	0	0	0	0	0	0	0	0	0	0	0	0	0	1	2101.5	1356	64.5
120	1996		89	16	16	5	34FLW	1	1	1	1	1	1	1	1	1	1	1	1	0	1	1	0	1	1	1	1	1	1	1	2120	992	46.8
120	1996		92	1	1	1	4	0	1	0	0	0	0	0	0	0	0	0	0	0	0	0	0	0	0	0	0	0	0	1	2164.5	758	35
120	1996		93	4	4	2	3L	1	0	0	1	0	0	1	0	0	0	0	1	0	0	1	0	0	1	0	0	0	0	0	2167.5	429	19.8
120	1996		94	1	1	1	L	0	0	0	1	0	0	0	0	0	0	0	0	1	0	0	0	0	0	0	0	0	0	0	2208.5	1370	62
120	1996		98	8	8	5	34FLW	1	1	1	1	1	1	1	0	1	0	0	1	0	0	1	0	1	0	1	1	0	0	0	1503.5	870	57.9
120	1996		104	8	8	5	34FLW	1	1	1	1	1	1	0	0	0	0	1	1	0	1	1	0	0	1	0	1	0	1	0	1566	791	50.5
120	1996		107	16	17	5	34FLW	1	1	1	1	1	0	1	1	1	1	1	1	1	1	1	1	1	1	1	1	1	1	0	1581.5	1250	79
120	1996		108	16	17	5	34FLW	1	1	1	1	1	1	1	1	1	0	1	1	0	1	1	1	1	1	1	1	1	1	1	1565	1107	70.7
120	1996		109	1	1	1	4	0	1	0	0	0	0	0	0	1	0	0	0	0	0	0	0	0	0	0	0	0	0	0	1617.5	1130	69.9
120	1996		110	4	4	3	34L	1	1	0	1	0	0	0	0	0	0	1	0	1	0	1	0	1	0	0	0	0	0	0	1394	885	63.5
120	1996		111	8	10	4	3FLW	1	0	1	1	1	1	1	1	0	0	0	0	1	0	0	1	0	0	1	1	1	0	0	1404	1301	92.7
120	1996		115	8	9	4	34FW	1	1	1	0	1	0	1	0	1	1	1	1	0	0	0	1	0	0	1	1	0	0	0	2241	1758	78.4
120	1996		117	2	2	2	FL	0	0	1	1	0	0	0	0	0	1	0	0	0	0	1	0	0	0	0	0	0	0	0	2226	2063	92.7
120	1996		118	8	9	5	34FLW	1	1	1	1	1	1	1	0	1	1	0	1	0	0	0	1	0	1	0	0	1	0	0	2218.5	1692	76.3
120	1996		125	2	2	2	4L	0	1	0	1	0	0	0	0	0	0	0	0	0	0	0	0	0	1	0	0	0	1	0	2260	1395	61.7
120	1996		126	0	0	0		0	0	0	0	0	0	0	0	0	0	0	0	0	0	0	0	0	0	0	0	0	0	0	2245.5	2212	98.5
120	1996		127	2	2	2	LW	0	0	0	1	1	0	0	0	0	0	0	0	1	0	0	0	0	0	0	0	1	0	0	2261.5	1884	83.3
120	1996		129	1	1	1	F	0	0	1	0	0	0	0	0	0	0	0	0	0	1	0	0	0	0	0	0	0	0	0	2270.5	2040	89.8
120	1996		130	8	8	5	34FLW	1	1	1	1	1	1	0	0	0	1	1	0	0	1	0	0	1	1	0	0	1	1	0	2323.5	1547	66.6
120	1996		133	4	6	3	4FL	0	1	1	1	0	0	0	1	0	0	0	0	1	0	0	1	0	0	0	0	0	1	0	2294	1483	64.6
120	1996		135	1	1	1	4	0	1	0	0	0	0	0	0	0	0	0	0	0	0	0	0	0	0	0	0	0	1	0	1678.5	1158	69
120	1996		136	16	17	5	34FLW	1	1	1	1	1	1	1	1	1	1	1	0	1	1	1	1	1	1	0	1	1	1	1	1660	645	38.9
120	1996		137	1	1	1	L	0	0	0	1	0	0	0	1	0	0	0	0	0	0	0	0	0	0	0	0	0	0	0	1705.5	1284	75.3
120	1996		138	4	4	2	3F	1	0	1	0	0	1	0	0	0	0	1	1	0	1	0	0	0	0	0	0	0	0	0	1701	950	55.8
120	1996		139	4	4	2	3L	1	0	0	1	0	0	1	0	0	0	1	1	1	0	0	0	0	0	0	0	0	0	0	1729.5	811	46.9
120	1996		142	1	1	1	3	1	0	0	0	0	0	0	0	0	0	0	1	0	0	0	0	0	0	0	0	0	0	0	1702.5	1250	73.4
120	1996		146	8	9	5	34FLW	1	1	1	1	1	1	0	0	1	0	0	0	1	0	0	1	1	0	1	1	1	0	0	1692.5	928	54.8
120	1996		149	4	6	4	4FLW	0	1	1	1	1	0	0	1	0	0	0	0	0	0	0	1	0	0	0	0	1	0	1	1662	815	49
120	1996		151	1	1	1	W	0	0	0	0	1	0	0	0	0	0	0	0	0	0	0	0	0	0	0	1	0	0	0	1679	1663	99
120	1996		153	1	1	1	3	1	0	0	0	0	0	1	0	0	0	0	0	0	0	0	0	0	0	0	0	0	0	0	2337.5	2061	88.2
120	1996		156	16	17	5	34FLW	1	1	1	1	1	1	1	1	1	1	1	1	1	1	0	1	1	1	0	1	1	1	1	2269	1369	60.3
120	1996		157	2	2	1	3	1	0	0	0	0	0	1	0	0	0	0	1	0	0	0	0	0	0	0	0	0	0	0	2228.5	1706	76.6
120	1996		160	16	17	5	34FLW	1	1	1	1	1	1	1	1	1	1	0	1	1	1	1	1	1	1	0	1	1	1	1	2299.5	1471	64
120	1996		161	1	1	1	W	0	0	0	0	1	0	0	0	0	0	0	0	0	0	0	0	0	0	0	0	1	0	0	2291.5	1991	86.9
120	1996		163	1	1	1	4	0	1	0	0	0	0	0	0	0	0	0	0	0	0	0	0	0	0	0	0	0	0	1	2240.5	1315	58.7
120	1996		164	16	17	5	34FLW	1	1	1	1	1	0	1	1	1	1	1	1	1	1	0	1	1	1	1	1	1	1	1	2269.5	1463	64.5
120	1996		165	2	2	2	34	1	1	0	0	0	0	0	0	0	0	0	0	0	0	0	0	0	0	1	0	0	0	1	2275.5	1622	71.3
120	1996		166	0	0	0		0	0	0	0	0	0	0	0	0	0	0	0	0	0	0	0	0	0	0	0	0	0	0	2244.5	2235	99.6
120	1996		167	1	1	1	F	0	0	1	0	0	0	0	0	0	0	0	0	0	1	0	0	0	0	0	0	0	0	0	2267.5	2151	94.9
120	1996		168	2	2	2	34	1	1	0	0	0	0	0	0	1	0	0	1	0	0	0	0	0	0	0	0	0	0	0	2287	1017	44.5
120	1996		169	16	17	5	34FLW	1	1	1	1	1	1	1	0	1	1	1	1	1	1	1	1	1	1	1	1	1	0	1	2255	1026	45.5
120	1996		170	8	10	4	3FLW	1	0	1	1	1	1	0	1	0	1	1	1	0	0	0	1	0	1	0	1	0	0	0	2346	1595	68
120	1996		171	2	2	2	3L	1	0	0	1	0	0	0	0	0	0	0	1	0	0	1	0	0	0	0	0	0	0	0	2321.5	1403	60.4
120	1996		174	16	17	5	34FLW	1	1	1	1	1	1	1	1	0	1	1	1	1	1	1	1	1	1	0	1	1	1	1	1774.5	969	54.6
120	1996		175	2	2	2	4L	0	1	0	1	0	0	0	0	0	0	0	0	0	0	1	0	0	0	0	0	0	0	1	1771	360	20.3
120	1996		176	4	4	3	34F	1	1	1	0	0	0	1	0	0	0	0	0	0	1	0	0	1	0	1	0	0	0	0	1832	1543	84.2
120	1996		177	8	9	5	34FLW	1	1	1	1	1	0	0	1	1	1	0	1	0	1	0	0	0	0	0	0	1	1	1	1712.5	893	52.1
120	1996		178	8	9	3	34F	1	1	1	0	0	1	1	0	0	0	1	1	0	1	0	1	1	0	0	0	0	1	0	1712	418	24.4
120	1996		185	1	1	1	L	0	0	0	1	0	0	0	0	0	0	0	0	0	0	0	0	0	1	0	0	0	0	0	1661	1539	92.7
120	1996		186	16	17	5	34FLW	1	1	1	1	1	1	1	1	0	1	1	1	1	0	1	1	1	1	1	1	1	1	1	1669.5	1082	64.8
120	1996		189	2	2	2	4W	0	1	0	0	1	0	0	0	0	0	0	0	0	0	0	0	0	0	0	1	0	1	0	1750.5	1139	65.1
120	1996		190	4	4	3	FLW	0	0	1	1	1	0	0	0	0	0	0	0	1	1	0	0	0	1	0	0	1	0	0	1782.5	1475	82.7
120	1996		193	2	2	2	4L	0	1	0	1	0	0	0	0	1	0	0	0	0	0	1	0	0	0	0	0	0	0	0	2354	917	39
120	1996		197	2	2	2	4F	0	1	1	0	0	0	0	0	0	1	0	0	0	0	0	0	1	0	0	0	0	0	0	2155	1435	66.6
120	1996		199	4	4	3	4LW	0	1	0	1	1	0	0	0	0	0	0	0	0	0	1	0	0	0	0	1	1	1	0	2222.5	938	42.2
120	1996		201	4	4	3	4LW	0	1	0	1	1	0	0	0	0	0	0	0	1	0	0	0	0	1	0	1	0	0	1	2157.5	700	32.4
120	1996		202	16	17	4	34FL	1	1	1	1	0	1	1	1	1	1	1	1	1	1	1	1	1	1	1	0	0	1	1	2175	405	18.6
120	1996		205	1	1	1	L	0	0	0	1	0	0	0	0	0	0	0	0	0	0	0	0	0	1	0	0	0	0	0	2229.5	2059	92.4
120	1996		206	8	9	4	34FL	1	1	1	1	0	0	1	0	1	1	0	0	1	0	1	1	0	0	1	0	0	0	1	2115.5	643	30.4
120	1996		208	8	8	4	34FL	1	1	1	1	0	1	1	0	0	0	0	1	1	0	1	0	1	0	1	0	0	1	0	2162.5	618	28.6
120	1996		210	8	8	4	34FL	1	1	1	1	0	1	0	0	0	0	1	1	1	1	1	0	0	0	1	0	0	1	0	1672	540	32.3
120	1996		211	2	4	2	FL	0	0	1	1	0	0	0	1	0	0	0	0	0	0	0	1	0	0	0	0	0	0	0	1678	1376	82
120	1996		213	8	9	5	34FLW	1	1	1	1	1	1	0	1	1	0	0	1	1	0	0	0	0	0	1	0	1	1	0	1786.5	1036	58
120	1996		220	16	17	5	34FLW	1	1	1	1	1	1	1	1	1	1	0	1	1	0	1	1	1	1	1	1	1	1	1	1729.5	1248	72.2
120	1996		221	2	2	1	W	0	0	0	0	1	0	0	0	0	0	0	0	0	0	0	0	0	0	0	1	1	0	0	1699.5	1471	86.6
120	1996		223	4	4	3	3FW	1	0	1	0	1	0	0	0	0	0	0	1	0	1	0	0	0	0	1	1	0	0	0	1710.5	1407	82.3
120	1996		224	2	2	2	4F	0	1	1	0	0	1	0	0	0	0	0	0	0	0	0	0	0	0	0	0	0	0	1	1709.5	1275	74.6
120	1996		225	4	4	4	34LW	1	1	0	1	1	0	0	0	0	0	1	0	0	0	0	0	0	1	0	1	0	1	0	1703	1173	68.9
120	1996		227	16	17	5	34FLW	1	1	1	1	1	0	1	1	1	1	1	1	1	1	1	1	1	1	1	0	1	1	1	1686.5	1172	69.5
120	1996		229	4	4	3	34L	1	1	0	1	0	0	0	0	1	0	0	0	0	0	0	0	0	1	1	0	0	1	0	1601	886	55.3
120	1996		230	1	1	1	4	0	1	0	0	0	0	0	0	0	0	0	0	0	0	0	0	1	0	0	0	0	0	0	1554	841	54.1
120	1996		232	8	10	5	34FLW	1	1	1	1	1	0	0	1	0	0	0	1	0	0	1	1	1	0	0	1	0	1	1	1503.5	503	33.5
120	1996		233	4	4	4	3FLW	1	0	1	1	1	0	0	0	0	0	0	0	0	1	0	0	0	1	1	1	0	0	0	1508.5	924	61.3
120	1996		234	2	2	2	3L	1	0	0	1	0	0	0	0	0	0	1	0	0	0	1	0	0	0	0	0	0	0	0	1480.5	632	42.7
120	1996		235	16	17	5	34FLW	1	1	1	1	1	1	1	1	1	1	0	0	1	1	1	1	1	1	1	1	1	1	1	1468.5	810	55.2
120	1996		236	2	2	2	4L	0	1	0	1	0	0	0	0	0	0	0	0	1	0	0	0	1	0	0	0	0	0	0	1495	626	41.9
120	1996		237	1	1	1	3	1	0	0	0	0	0	0	0	0	0	0	0	0	0	0	0	0	0	1	0	0	0	0	1558	1253	80.4
120	1996		239	16	17	5	34FLW	1	1	1	1	1	1	1	1	1	1	1	1	1	0	1	1	0	1	1	1	1	1	1	2007.5	732	36.5
120	1996		242	16	17	5	34FLW	1	1	1	1	1	0	1	1	1	1	1	1	0	1	1	1	1	1	1	1	1	1	1	2016.5	1310	65
120	1996		244	0	0	0		0	0	0	0	0	0	0	0	0	0	0	0	0	0	0	0	0	0	0	0	0	0	0	2092.5	2028	96.9
120	1996		248	0	0	0		0	0	0	0	0	0	0	0	0	0	0	0	0	0	0	0	0	0	0	0	0	0	0	1829.5	1782	97.4
120	1996		253	16	17	5	34FLW	1	1	1	1	1	1	1	1	1	1	0	1	1	1	1	1	1	1	1	0	1	1	1	1657	1056	63.7
120	1996		255	1	1	1	W	0	0	0	0	1	0	0	0	0	0	0	0	0	0	0	0	0	0	0	1	0	0	0	1689.5	1629	96.4
120	1996		256	1	1	1	3	1	0	0	0	0	0	1	0	0	0	0	0	0	0	0	0	0	0	0	0	0	0	0	1688	1286	76.2
120	1996		257	16	17	5	34FLW	1	1	1	1	1	1	1	1	0	0	1	1	1	1	1	1	1	1	1	1	1	1	1	1712.5	609	35.6
120	1996		259	2	2	2	4L	0	1	0	1	0	0	0	0	0	0	0	0	1	0	0	0	0	0	0	0	0	1	0	1672.5	710	42.5
120	1996		265	1	1	1	L	0	0	0	1	0	0	0	0	0	0	0	0	0	0	1	0	0	0	0	0	0	0	0	1678.5	939	55.9
120	1996		266	8	9	5	34FLW	1	1	1	1	1	1	1	1	1	0	0	0	0	0	0	0	0	1	0	0	1	1	1	1648.5	994	60.3
120	1996		267	1	1	1	F	0	0	1	0	0	0	0	0	0	0	0	0	0	1	0	0	0	0	0	0	0	0	0	1456.5	1174	80.6
120	1996		268	1	1	1	3	1	0	0	0	0	0	0	0	0	0	0	1	0	0	0	0	0	0	0	0	0	0	0	1422	1061	74.6
120	1996		272	2	3	2	LW	0	0	0	1	1	0	0	1	0	0	0	0	0	0	0	0	0	0	0	1	0	0	0	1371.5	1355	98.8
120	1996		273	16	17	5	34FLW	1	1	1	1	1	1	0	0	1	1	1	1	1	1	1	1	1	1	1	1	1	1	1	1416.5	261	18.4
120	1996		278	2	2	2	34	1	1	0	0	0	0	0	0	0	0	1	0	0	0	0	0	0	0	0	0	0	0	1	2004.5	1567	78.2
120	1996		280	1	1	1	4	0	1	0	0	0	0	0	0	0	0	0	0	0	0	0	0	0	0	0	0	0	1	0	1905	1075	56.4
120	1996		282	1	1	1	4	0	1	0	0	0	0	0	0	0	0	0	0	0	0	0	0	0	0	0	0	0	0	1	1866.5	807	43.2
120	1996		283	8	8	3	34F	1	1	1	0	0	1	1	0	1	1	1	0	0	0	0	0	1	0	0	0	0	1	1	1856	832	44.8
120	1996		286	4	4	3	34L	1	1	0	1	0	0	0	0	0	0	0	0	1	0	0	0	0	0	1	0	0	1	1	1874.5	560	29.9
120	1996		287	4	5	3	34F	1	1	1	0	0	1	0	0	0	0	1	0	0	0	0	1	0	0	0	0	0	1	0	1816	818	45
120	1996		290	1	2	1	F	0	0	1	0	0	0	0	0	0	0	0	0	0	0	0	1	0	0	0	0	0	0	0	1747.5	1172	67.1
120	1996		291	1	1	1	L	0	0	0	1	0	0	0	0	0	0	0	0	0	0	0	0	0	1	0	0	0	0	0	1767.5	1379	78
120	1996		292	8	9	3	34L	1	1	0	1	0	0	0	1	1	0	1	1	1	0	1	0	0	0	1	0	0	0	1	1799.5	422	23.5
120	1996		293	8	8	4	4FLW	0	1	1	1	1	0	0	0	1	1	0	0	1	0	1	0	0	1	0	1	1	1	0	1778.5	542	30.5
120	1996		296	1	1	1	W	0	0	0	0	1	0	0	0	0	0	0	0	0	0	0	0	0	0	0	0	1	0	0	1384.5	1065	76.9
120	1996		299	16	17	5	34FLW	1	1	1	1	1	0	1	1	1	1	1	1	1	1	1	1	1	1	1	0	1	1	1	1338	663	49.6
120	1996		300	2	2	2	4L	0	1	0	1	0	0	0	0	0	0	0	0	0	0	1	0	1	0	0	0	0	0	0	1350	781	57.9
120	1996		301	16	17	5	34FLW	1	1	1	1	1	1	1	1	1	1	1	1	1	1	1	1	1	0	1	0	1	1	1	1339	919	68.6
120	1996		302	4	5	3	FLW	0	0	1	1	1	0	0	0	0	0	0	0	0	1	1	1	0	0	0	0	1	0	0	1341.5	1073	80
120	1996		303	8	10	3	3FL	1	0	1	1	0	1	1	1	0	0	0	1	0	1	1	1	0	0	1	0	0	0	0	1368.5	946	69.1
120	1996		304	2	2	1	3	1	0	0	0	0	0	1	0	0	0	0	1	0	0	0	0	0	0	0	0	0	0	0	1442	995	69
120	1996		307	8	9	4	4FLW	0	1	1	1	1	0	0	0	0	1	0	0	0	0	1	1	1	1	0	1	1	1	0	1508	710	47.1
120	1996		308	1	1	1	F	0	0	1	0	0	0	0	0	0	1	0	0	0	0	0	0	0	0	0	0	0	0	0	1481	1346	90.9
120	1996		311	2	2	2	34	1	1	0	0	0	0	0	0	0	0	0	1	0	0	0	0	1	0	0	0	0	0	0	1579	797	50.5
120	1996		313	8	9	4	3FLW	1	0	1	1	1	1	0	1	0	0	0	1	1	1	1	0	0	1	0	0	1	0	0	1611.5	1081	67.1
120	1996		318	16	17	5	34FLW	1	1	1	1	1	1	1	1	1	1	1	1	1	0	1	1	1	0	1	1	1	1	1	1579	936	59.3
120	1996		322	2	2	2	4W	0	1	0	0	1	0	0	0	0	0	0	0	0	0	0	0	0	0	0	1	0	1	0	1605.5	1010	62.9
120	1996		324	2	2	1	3	1	0	0	0	0	0	0	0	0	0	1	0	0	0	0	0	0	0	1	0	0	0	0	1306.5	800	61.2
120	1996		325	4	5	4	34FL	1	1	1	1	0	0	0	0	0	0	0	1	0	0	0	1	1	1	0	0	0	0	0	1231	862	70
120	1996		328	16	17	5	34FLW	1	1	1	1	1	1	1	1	1	1	1	1	1	1	1	1	1	1	1	0	1	1	0	1213.5	536	44.2
120	1996		329	16	17	5	34FLW	1	1	1	1	1	1	1	1	1	0	1	1	1	0	1	1	1	1	1	1	1	1	1	1177.5	666	56.6
120	1996		330	2	2	2	4F	0	1	1	0	0	0	0	0	1	0	0	0	0	1	0	0	0	0	0	0	0	0	0	1186.5	696	58.7
120	1996		331	16	17	5	34FLW	1	1	1	1	1	1	1	1	1	1	1	1	1	1	1	1	1	1	0	1	1	1	0	1192.5	618	51.8
120	1996		333	1	1	1	3	1	0	0	0	0	0	0	0	0	0	1	0	0	0	0	0	0	0	0	0	0	0	0	1214	979	80.6
120	1996		334	2	2	2	34	1	1	0	0	0	0	0	0	0	0	1	0	0	0	0	0	0	0	0	0	0	0	1	1225	758	61.9
120	1996		335	2	3	2	3L	1	0	0	1	0	0	0	1	0	0	0	1	0	0	0	0	0	0	0	0	0	0	0	1229	897	73
120	1996		336	16	17	5	34FLW	1	1	1	1	1	1	1	1	1	1	1	1	1	1	1	1	1	0	0	1	1	1	1	1212	776	64
120	1996		338	1	2	1	F	0	0	1	0	0	0	0	0	0	0	0	0	0	0	0	1	0	0	0	0	0	0	0	1165	911	78.2
120	1996		339	16	17	5	34FLW	1	1	1	1	1	1	0	1	1	1	1	1	1	1	1	1	1	1	1	1	1	1	0	1171.5	636	54.3
120	1996		342	2	3	2	FL	0	0	1	1	0	0	0	0	0	0	0	0	0	0	1	1	0	0	0	0	0	0	0	1088	647	59.5
120	1997		2	1	1	1	L	0	0	0	1	0	0	0	0	0	0	0	0	1	0	0	0	0	0	0	0	0	0	0	2058.5	1501.17	72.925
120	1997		3	4	5	2	4F	0	1	1	0	0	0	0	0	0	1	0	0	0	1	0	1	1	0	0	0	0	0	0	2179.5	1714.83	78.68
120	1997		5	1	1	1	4	0	1	0	0	0	0	0	0	1	0	0	0	0	0	0	0	0	0	0	0	0	0	0	2160	1671	77.361
120	1997		6	2	2	1	4	0	1	0	0	0	0	0	0	0	0	0	0	0	0	0	0	1	0	0	0	0	1	0	2080.5	1767.25	84.944
120	1997		9	16	17	5	34FLW	1	1	1	1	1	1	1	1	1	1	1	0	1	1	1	1	1	1	1	0	1	1	1	2204	980.75	44.499
120	1997		11	1	1	1	F	0	0	1	0	0	1	0	0	0	0	0	0	0	0	0	0	0	0	0	0	0	0	0	2300	1637.25	71.185
120	1997		12	8	10	4	34FL	1	1	1	1	0	1	0	1	0	0	0	1	0	0	1	1	0	0	1	0	0	1	1	2241.5	844.25	37.665
120	1997		14	2	2	1	F	0	0	1	0	0	0	0	0	0	1	0	0	0	1	0	0	0	0	0	0	0	0	0	2205	1914.83	86.841
120	1997		15	8	10	4	3FLW	1	0	1	1	1	0	1	1	0	0	1	0	0	0	0	1	0	1	1	1	1	0	0	2333.5	1145.08	49.071
120	1997		16	1	1	1	F	0	0	1	0	0	0	0	0	0	1	0	0	0	0	0	0	0	0	0	0	0	0	0	2215	1822.42	82.276
120	1997		20	1	1	1	L	0	0	0	1	0	0	0	1	0	0	0	0	0	0	0	0	0	0	0	0	0	0	0	1611.5	1375	85.324
120	1997		22	8	10	4	3FLW	1	0	1	1	1	0	1	1	0	1	1	1	0	1	0	1	0	0	0	0	1	0	0	2475.5	1822.67	73.628
120	1997		24	4	4	3	34F	1	1	1	0	0	0	0	0	0	1	1	0	0	0	0	0	1	0	0	0	0	1	0	2460	2011	81.748
120	1997		26	4	4	3	34L	1	1	0	1	0	0	1	0	0	0	1	0	0	0	0	0	0	1	0	0	0	0	1	2306.5	1878.75	81.455
120	1997		27	16	17	5	34FLW	1	1	1	1	1	1	1	1	0	1	0	1	1	1	1	1	1	1	1	1	1	1	1	2651.5	1665.33	62.807
120	1997		28	4	4	2	LW	0	0	0	1	1	0	0	0	0	0	0	0	1	0	0	0	0	1	0	1	1	0	0	2667	1513.08	56.734
120	1997		29	1	1	1	L	0	0	0	1	0	0	0	0	0	0	0	0	1	0	0	0	0	0	0	0	0	0	0	2780	1556.17	55.977
120	1997		30	16	17	5	34FLW	1	1	1	1	1	1	1	1	1	1	1	1	0	1	1	1	1	0	1	1	1	1	1	2809	1991.58	70.9
120	1997		31	1	1	1	4	0	1	0	0	0	0	0	0	0	0	0	0	0	0	0	0	0	0	0	0	0	1	0	2432.5	1700	69.887
120	1997		32	2	2	2	4W	0	1	0	0	1	0	0	0	1	0	0	0	0	0	0	0	0	0	0	1	0	0	0	2255	1973.33	87.509
120	1997		33	4	5	4	34FL	1	1	1	1	0	0	1	1	1	0	0	0	0	1	0	0	0	0	0	0	0	0	0	2299	1673.58	72.796
120	1997		34	16	17	5	34FLW	1	1	1	1	1	1	1	1	1	1	1	1	0	0	1	1	1	1	1	1	1	1	1	2341	1551.83	66.289
120	1997		35	16	17	5	34FLW	1	1	1	1	1	0	1	1	1	1	1	1	1	1	1	1	1	1	0	1	1	1	1	2415.5	1447.5	59.925
120	1997		44	4	5	3	4FL	0	1	1	1	0	0	0	1	0	1	0	0	0	0	0	0	1	1	0	0	0	0	0	2434.5	1680.92	69.046
120	1997		45	4	4	4	4FLW	0	1	1	1	1	0	0	0	1	0	0	0	0	1	0	0	0	1	0	0	1	0	0	2469	2067.5	83.738
120	1997		46	16	17	5	34FLW	1	1	1	1	1	1	1	1	1	1	1	1	0	1	1	1	1	1	1	1	1	1	0	2490	1672.92	67.185
120	1997		48	2	2	2	3L	1	0	0	1	0	0	0	0	0	0	0	1	1	0	0	0	0	0	0	0	0	0	0	2535	1330.42	52.482
120	1997		50	8	9	4	3FLW	1	0	1	1	1	1	0	1	0	0	1	1	1	0	0	0	0	1	1	0	1	0	0	1274	765.33	60.073
120	1997		53	4	4	4	34LW	1	1	0	1	1	0	0	0	0	0	0	0	1	0	0	0	0	0	1	0	1	0	1	1419	782	55.109
120	1997		56	2	2	2	4L	0	1	0	1	0	0	0	0	0	0	0	0	0	0	1	0	0	0	0	0	0	1	0	1612.5	856.67	53.127
120	1997		57	8	10	4	34FL	1	1	1	1	0	1	1	1	0	0	0	1	1	0	0	1	0	0	1	0	0	1	0	1655.5	839.83	50.73
120	1997		58	4	5	3	34F	1	1	1	0	0	0	0	0	1	0	0	0	0	0	0	1	0	0	1	0	0	0	1	1680	866.08	51.553
120	1997		62	4	5	3	3LW	1	0	0	1	1	0	0	1	0	0	1	0	1	0	0	0	0	0	0	0	1	0	0	1360	489.08	35.962
120	1997		67	8	10	5	34FLW	1	1	1	1	1	0	1	1	0	0	0	1	0	0	1	1	0	0	0	1	1	0	1	1474.5	563.92	38.245
120	1997		68	16	17	5	34FLW	1	1	1	1	1	1	1	0	0	1	1	1	1	1	1	1	1	1	1	1	1	1	1	1511	590.83	39.102
120	1997		69	1	1	1	F	0	0	1	0	0	1	0	0	0	0	0	0	0	0	0	0	0	0	0	0	0	0	0	1602.5	1310.33	81.768
120	1997		70	4	4	3	4FL	0	1	1	1	0	0	0	0	1	1	0	0	0	0	1	0	0	0	0	0	0	1	0	1568	515.08	32.85
120	1997		73	2	3	2	FW	0	0	1	0	1	0	0	0	0	0	0	0	0	0	0	1	0	0	0	1	0	0	0	1467	837.5	57.089
120	1997		74	8	9	5	34FLW	1	1	1	1	1	1	1	1	0	1	1	1	0	0	0	0	0	0	0	0	1	0	1	1473.5	1086.5	73.736
120	1997		75	2	2	2	4F	0	1	1	0	0	0	0	0	0	1	0	0	0	0	0	0	1	0	0	0	0	0	0	1485	1020.17	68.698
120	1997		81	8	8	4	34FL	1	1	1	1	0	1	1	0	0	0	1	0	1	1	0	0	0	1	1	0	0	1	0	1595.5	1097.08	68.761
120	1997		82	16	17	5	34FLW	1	1	1	1	1	1	0	1	1	1	1	0	1	1	1	1	1	1	1	1	1	1	1	1629.5	849	52.102
120	1997		83	1	1	1	L	0	0	0	1	0	0	0	0	0	0	0	0	0	0	1	0	0	0	0	0	0	0	0	1586	553.25	34.883
120	1997		87	1	1	1	4	0	1	0	0	0	0	0	0	0	0	0	0	0	0	0	0	0	0	0	0	0	0	1	1617	1058.17	65.44
120	1997		89	16	16	5	34FLW	1	1	1	1	1	1	1	1	1	1	1	1	0	1	1	0	1	1	1	1	1	1	1	1644.5	714.25	43.433
120	1997		92	1	1	1	4	0	1	0	0	0	0	0	0	0	0	0	0	0	0	0	0	0	0	0	0	0	0	1	1509	740.75	49.089
120	1997		93	4	4	2	3L	1	0	0	1	0	0	1	0	0	0	0	1	0	0	1	0	0	1	0	0	0	0	0	1589	456.83	28.75
120	1997		94	1	1	1	L	0	0	0	1	0	0	0	0	0	0	0	0	1	0	0	0	0	0	0	0	0	0	0	1630.5	916.92	56.235
120	1997		98	8	8	5	34FLW	1	1	1	1	1	1	1	0	1	0	0	1	0	0	1	0	1	0	1	1	0	0	0	1626	738.5	45.418
120	1997		104	8	8	5	34FLW	1	1	1	1	1	1	0	0	0	0	1	1	0	1	1	0	0	1	0	1	0	1	0	1645.5	751.25	45.655
120	1997		107	16	17	5	34FLW	1	1	1	1	1	0	1	1	1	1	1	1	1	1	1	1	1	1	1	1	1	1	0	1627.5	891.08	54.752
120	1997		108	16	17	5	34FLW	1	1	1	1	1	1	1	1	1	0	1	1	0	1	1	1	1	1	1	1	1	1	1	1661.5	1053.75	63.422
120	1997		109	1	1	1	4	0	1	0	0	0	0	0	0	1	0	0	0	0	0	0	0	0	0	0	0	0	0	0	1654.5	984.83	59.525
120	1997		110	4	4	3	34L	1	1	0	1	0	0	0	0	0	0	1	0	1	0	1	0	1	0	0	0	0	0	0	1702	852.33	50.078
120	1997		111	8	10	4	3FLW	1	0	1	1	1	1	1	1	0	0	0	0	1	0	0	1	0	0	1	1	1	0	0	1675	1072.17	64.01
120	1997		115	8	9	4	34FW	1	1	1	0	1	0	1	0	1	1	1	1	0	0	0	1	0	0	1	1	0	0	0	1731	1309	75.621
120	1997		117	2	2	2	FL	0	0	1	1	0	0	0	0	0	1	0	0	0	0	1	0	0	0	0	0	0	0	0	1650.5	1154.17	69.928
120	1997		118	8	9	5	34FLW	1	1	1	1	1	1	1	0	1	1	0	1	0	0	0	1	0	1	0	0	1	0	0	1738	1226.25	70.555
120	1997		125	2	2	2	4L	0	1	0	1	0	0	0	0	0	0	0	0	0	0	0	0	0	1	0	0	0	1	0	1748	945.5	54.09
120	1997		126	0	0	0		0	0	0	0	0	0	0	0	0	0	0	0	0	0	0	0	0	0	0	0	0	0	0	1638	1566.5	95.635
120	1997		127	2	2	2	LW	0	0	0	1	1	0	0	0	0	0	0	0	1	0	0	0	0	0	0	0	1	0	0	1708.5	963.08	56.37
120	1997		129	1	1	1	F	0	0	1	0	0	0	0	0	0	0	0	0	0	1	0	0	0	0	0	0	0	0	0	1802.5	1239.92	68.789
120	1997		130	8	8	5	34FLW	1	1	1	1	1	1	0	0	0	1	1	0	0	1	0	0	1	1	0	0	1	1	0	1712	650.5	37.996
120	1997		133	4	6	3	4FL	0	1	1	1	0	0	0	1	0	0	0	0	1	0	0	1	0	0	0	0	0	1	0	1838	851.5	46.328
120	1997		135	1	1	1	4	0	1	0	0	0	0	0	0	0	0	0	0	0	0	0	0	0	0	0	0	0	1	0	1766.5	1098.25	62.171
120	1997		136	16	17	5	34FLW	1	1	1	1	1	1	1	1	1	1	1	0	1	1	1	1	1	1	0	1	1	1	1	1700	489.92	28.819
120	1997		137	1	1	1	L	0	0	0	1	0	0	0	1	0	0	0	0	0	0	0	0	0	0	0	0	0	0	0	1701	634	37.272
120	1997		138	4	4	2	3F	1	0	1	0	0	1	0	0	0	0	1	1	0	1	0	0	0	0	0	0	0	0	0	1661.5	704.75	42.416
120	1997		139	4	4	2	3L	1	0	0	1	0	0	1	0	0	0	1	1	1	0	0	0	0	0	0	0	0	0	0	1651	557.75	33.783
120	1997		142	1	1	1	3	1	0	0	0	0	0	0	0	0	0	0	1	0	0	0	0	0	0	0	0	0	0	0	1675.5	1151.75	68.741
120	1997		146	8	9	5	34FLW	1	1	1	1	1	1	0	0	1	0	0	0	1	0	0	1	1	0	1	1	1	0	0	1500	590	39.333
120	1997		149	4	6	4	4FLW	0	1	1	1	1	0	0	1	0	0	0	0	0	0	0	1	0	0	0	0	1	0	1	1430	643.75	45.017
120	1997		151	1	1	1	W	0	0	0	0	1	0	0	0	0	0	0	0	0	0	0	0	0	0	0	1	0	0	0	1482	1490.58	100.579
120	1997		153	1	1	1	3	1	0	0	0	0	0	1	0	0	0	0	0	0	0	0	0	0	0	0	0	0	0	0	1481	1358.08	91.7
120	1997		156	16	17	5	34FLW	1	1	1	1	1	1	1	1	1	1	1	1	1	1	0	1	1	1	0	1	1	1	1	1441.5	946.58	65.667
120	1997		157	2	2	1	3	1	0	0	0	0	0	1	0	0	0	0	1	0	0	0	0	0	0	0	0	0	0	0	1403.5	1183.5	84.325
120	1997		160	16	17	5	34FLW	1	1	1	1	1	1	1	1	1	1	0	1	1	1	1	1	1	1	0	1	1	1	1	1397.5	931.83	66.679
120	1997		161	1	1	1	W	0	0	0	0	1	0	0	0	0	0	0	0	0	0	0	0	0	0	0	0	1	0	0	1407.5	1318.5	93.677
120	1997		163	1	1	1	4	0	1	0	0	0	0	0	0	0	0	0	0	0	0	0	0	0	0	0	0	0	0	1	1389	869.92	62.629
120	1997		164	16	17	5	34FLW	1	1	1	1	1	0	1	1	1	1	1	1	1	1	0	1	1	1	1	1	1	1	1	1413.5	679.83	48.096
120	1997		165	2	2	2	34	1	1	0	0	0	0	0	0	0	0	0	0	0	0	0	0	0	0	1	0	0	0	1	1299.5	731.83	56.317
120	1997		166	0	0	0		0	0	0	0	0	0	0	0	0	0	0	0	0	0	0	0	0	0	0	0	0	0	0	1400.5	1407.25	100.482
120	1997		167	1	1	1	F	0	0	1	0	0	0	0	0	0	0	0	0	0	1	0	0	0	0	0	0	0	0	0	1382	1095.58	79.275
120	1997		168	2	2	2	34	1	1	0	0	0	0	0	0	1	0	0	1	0	0	0	0	0	0	0	0	0	0	0	1396	613.42	43.941
120	1997		169	16	17	5	34FLW	1	1	1	1	1	1	1	0	1	1	1	1	1	1	1	1	1	1	1	1	1	0	1	1263.5	582.08	46.069
120	1997		170	8	10	4	3FLW	1	0	1	1	1	1	0	1	0	1	1	1	0	0	0	1	0	1	0	1	0	0	0	1450	837.58	57.764
120	1997		171	2	2	2	3L	1	0	0	1	0	0	0	0	0	0	0	1	0	0	1	0	0	0	0	0	0	0	0	1474	428.67	29.082
120	1997		174	16	17	5	34FLW	1	1	1	1	1	1	1	1	0	1	1	1	1	1	1	1	1	1	0	1	1	1	1	1440	437.08	30.353
120	1997		175	2	2	2	4L	0	1	0	1	0	0	0	0	0	0	0	0	0	0	1	0	0	0	0	0	0	0	1	1369	257.33	18.797
120	1997		176	4	4	3	34F	1	1	1	0	0	0	1	0	0	0	0	0	0	1	0	0	1	0	1	0	0	0	0	1462	859.58	58.795
120	1997		177	8	9	5	34FLW	1	1	1	1	1	0	0	1	1	1	0	1	0	1	0	0	0	0	0	0	1	1	1	1415	473.33	33.451
120	1997		178	8	9	3	34F	1	1	1	0	0	1	1	0	0	0	1	1	0	1	0	1	1	0	0	0	0	1	0	1510	150.5	9.967
120	1997		185	1	1	1	L	0	0	0	1	0	0	0	0	0	0	0	0	0	0	0	0	0	1	0	0	0	0	0	1534	1173	76.467
120	1997		186	16	17	5	34FLW	1	1	1	1	1	1	1	1	0	1	1	1	1	0	1	1	1	1	1	1	1	1	1	1483	737.08	49.702
120	1997		189	2	2	2	4W	0	1	0	0	1	0	0	0	0	0	0	0	0	0	0	0	0	0	0	1	0	1	0	1522	848.33	55.738
120	1997		190	4	4	3	FLW	0	0	1	1	1	0	0	0	0	0	0	0	1	1	0	0	0	1	0	0	1	0	0	1473.5	771.33	52.347
120	1997		193	2	2	2	4L	0	1	0	1	0	0	0	0	1	0	0	0	0	0	1	0	0	0	0	0	0	0	0	1529.5	613.42	40.106
120	1997		197	2	2	2	4F	0	1	1	0	0	0	0	0	0	1	0	0	0	0	0	0	1	0	0	0	0	0	0	1568.5	785.5	50.08
120	1997		199	4	4	3	4LW	0	1	0	1	1	0	0	0	0	0	0	0	0	0	1	0	0	0	0	1	1	1	0	1582.5	369.17	23.328
120	1997		201	4	4	3	4LW	0	1	0	1	1	0	0	0	0	0	0	0	1	0	0	0	0	1	0	1	0	0	1	1624	404.58	24.913
120	1997		202	16	17	4	34FL	1	1	1	1	0	1	1	1	1	1	1	1	1	1	1	1	1	1	1	0	0	1	1	1555	357.5	22.99
120	1997		205	1	1	1	L	0	0	0	1	0	0	0	0	0	0	0	0	0	0	0	0	0	1	0	0	0	0	0	1636.5	1149.58	70.246
120	1997		206	8	9	4	34FL	1	1	1	1	0	0	1	0	1	1	0	0	1	0	1	1	0	0	1	0	0	0	1	1584.5	526.25	33.212
120	1997		208	8	8	4	34FL	1	1	1	1	0	1	1	0	0	0	0	1	1	0	1	0	1	0	1	0	0	1	0	1594	451.25	28.309
120	1997		210	8	8	4	34FL	1	1	1	1	0	1	0	0	0	0	1	1	1	1	1	0	0	0	1	0	0	1	0	1562.5	472	30.208
120	1997		211	2	4	2	FL	0	0	1	1	0	0	0	1	0	0	0	0	0	0	0	1	0	0	0	0	0	0	0	1549.5	805.25	51.968
120	1997		213	8	9	5	34FLW	1	1	1	1	1	1	0	1	1	0	0	1	1	0	0	0	0	0	1	0	1	1	0	1527	906.08	59.337
120	1997		220	16	17	5	34FLW	1	1	1	1	1	1	1	1	1	1	0	1	1	0	1	1	1	1	1	1	1	1	1	1545	1105.75	71.57
120	1997		221	2	2	1	W	0	0	0	0	1	0	0	0	0	0	0	0	0	0	0	0	0	0	0	1	1	0	0	1657	1596.42	96.344
120	1997		223	4	4	3	3FW	1	0	1	0	1	0	0	0	0	0	0	1	0	1	0	0	0	0	1	1	0	0	0	1655	1066.08	64.416
120	1997		224	2	2	2	4F	0	1	1	0	0	1	0	0	0	0	0	0	0	0	0	0	0	0	0	0	0	0	1	1555	1270.08	81.677
120	1997		225	4	4	4	34LW	1	1	0	1	1	0	0	0	0	0	1	0	0	0	0	0	0	1	0	1	0	1	0	1610	826.5	51.335
120	1997		227	16	17	5	34FLW	1	1	1	1	1	0	1	1	1	1	1	1	1	1	1	1	1	1	1	0	1	1	1	1533.5	1065.33	69.471
120	1997		229	4	4	3	34L	1	1	0	1	0	0	0	0	1	0	0	0	0	0	0	0	0	1	1	0	0	1	0	1600	1291.33	80.708
120	1997		230	1	1	1	4	0	1	0	0	0	0	0	0	0	0	0	0	0	0	0	0	1	0	0	0	0	0	0	1638	965.25	58.929
120	1997		232	8	10	5	34FLW	1	1	1	1	1	0	0	1	0	0	0	1	0	0	1	1	1	0	0	1	0	1	1	1612.5	933.92	57.917
120	1997		233	4	4	4	3FLW	1	0	1	1	1	0	0	0	0	0	0	0	0	1	0	0	0	1	1	1	0	0	0	1617.5	1303.5	80.587
120	1997		234	2	2	2	3L	1	0	0	1	0	0	0	0	0	0	1	0	0	0	1	0	0	0	0	0	0	0	0	1615	967.33	59.897
120	1997		235	16	17	5	34FLW	1	1	1	1	1	1	1	1	1	1	0	0	1	1	1	1	1	1	1	1	1	1	1	1604.5	870.08	54.228
120	1997		236	2	2	2	4L	0	1	0	1	0	0	0	0	0	0	0	0	1	0	0	0	1	0	0	0	0	0	0	1594.5	920.75	57.745
120	1997		237	1	1	1	3	1	0	0	0	0	0	0	0	0	0	0	0	0	0	0	0	0	0	1	0	0	0	0	1645	1417.42	86.165
120	1997		239	16	17	5	34FLW	1	1	1	1	1	1	1	1	1	1	1	1	1	0	1	1	0	1	1	1	1	1	1	1621	649.17	40.047
120	1997		242	16	17	5	34FLW	1	1	1	1	1	0	1	1	1	1	1	1	0	1	1	1	1	1	1	1	1	1	1	1648.5	1060.08	64.306
120	1997		244	0	0	0		0	0	0	0	0	0	0	0	0	0	0	0	0	0	0	0	0	0	0	0	0	0	0	1619.5	1591.25	98.256
120	1997		248	0	0	0		0	0	0	0	0	0	0	0	0	0	0	0	0	0	0	0	0	0	0	0	0	0	0	1635	1628.83	99.623
120	1997		253	16	17	5	34FLW	1	1	1	1	1	1	1	1	1	1	0	1	1	1	1	1	1	1	1	0	1	1	1	1499	986.75	65.827
120	1997		255	1	1	1	W	0	0	0	0	1	0	0	0	0	0	0	0	0	0	0	0	0	0	0	1	0	0	0	1749.5	1681.25	96.099
120	1997		256	1	1	1	3	1	0	0	0	0	0	1	0	0	0	0	0	0	0	0	0	0	0	0	0	0	0	0	1599.5	1331.5	83.245
120	1997		257	16	17	5	34FLW	1	1	1	1	1	1	1	1	0	0	1	1	1	1	1	1	1	1	1	1	1	1	1	1529.5	618.83	40.46
120	1997		259	2	2	2	4L	0	1	0	1	0	0	0	0	0	0	0	0	1	0	0	0	0	0	0	0	0	1	0	1549	687.75	44.4
120	1997		265	1	1	1	L	0	0	0	1	0	0	0	0	0	0	0	0	0	0	1	0	0	0	0	0	0	0	0	1538	1135.08	73.803
120	1997		266	8	9	5	34FLW	1	1	1	1	1	1	1	1	1	0	0	0	0	0	0	0	0	1	0	0	1	1	1	1557.5	866.5	55.634
120	1997		267	1	1	1	F	0	0	1	0	0	0	0	0	0	0	0	0	0	1	0	0	0	0	0	0	0	0	0	1584.5	1182	74.598
120	1997		268	1	1	1	3	1	0	0	0	0	0	0	0	0	0	0	1	0	0	0	0	0	0	0	0	0	0	0	1570	994.42	63.339
120	1997		272	2	3	2	LW	0	0	0	1	1	0	0	1	0	0	0	0	0	0	0	0	0	0	0	1	0	0	0	1575	1339.25	85.032
120	1997		273	16	17	5	34FLW	1	1	1	1	1	1	0	0	1	1	1	1	1	1	1	1	1	1	1	1	1	1	1	1567.5	365.25	23.301
120	1997		278	2	2	2	34	1	1	0	0	0	0	0	0	0	0	1	0	0	0	0	0	0	0	0	0	0	0	1	1577.5	1053	66.751
120	1997		280	1	1	1	4	0	1	0	0	0	0	0	0	0	0	0	0	0	0	0	0	0	0	0	0	0	1	0	1031	1028.92	99.798
120	1997		282	1	1	1	4	0	1	0	0	0	0	0	0	0	0	0	0	0	0	0	0	0	0	0	0	0	0	1	1542.5	840	54.457
120	1997		283	8	8	3	34F	1	1	1	0	0	1	1	0	1	1	1	0	0	0	0	0	1	0	0	0	0	1	1	1534	730.75	47.637
120	1997		286	4	4	3	34L	1	1	0	1	0	0	0	0	0	0	0	0	1	0	0	0	0	0	1	0	0	1	1	1566	651.5	41.603
120	1997		287	4	5	3	34F	1	1	1	0	0	1	0	0	0	0	1	0	0	0	0	1	0	0	0	0	0	1	0	1800.5	1213	67.37
120	1997		290	1	2	1	F	0	0	1	0	0	0	0	0	0	0	0	0	0	0	0	1	0	0	0	0	0	0	0	1665.5	977.43	58.687
120	1997		291	1	1	1	L	0	0	0	1	0	0	0	0	0	0	0	0	0	0	0	0	0	1	0	0	0	0	0	1625.5	1173.17	72.173
120	1997		292	8	9	3	34L	1	1	0	1	0	0	0	1	1	0	1	1	1	0	1	0	0	0	1	0	0	0	1	1647.5	593.83	36.045
120	1997		293	8	8	4	4FLW	0	1	1	1	1	0	0	0	1	1	0	0	1	0	1	0	0	1	0	1	1	1	0	1441	555	38.515
120	1997		296	1	1	1	W	0	0	0	0	1	0	0	0	0	0	0	0	0	0	0	0	0	0	0	0	1	0	0	1329	1233.67	92.827
120	1997		299	16	17	5	34FLW	1	1	1	1	1	0	1	1	1	1	1	1	1	1	1	1	1	1	1	0	1	1	1	1681	727.83	43.298
120	1997		300	2	2	2	4L	0	1	0	1	0	0	0	0	0	0	0	0	0	0	1	0	1	0	0	0	0	0	0	1666	689.67	41.397
120	1997		301	16	17	5	34FLW	1	1	1	1	1	1	1	1	1	1	1	1	1	1	1	1	1	0	1	0	1	1	1	1659.5	1128.83	68.022
120	1997		302	4	5	3	FLW	0	0	1	1	1	0	0	0	0	0	0	0	0	1	1	1	0	0	0	0	1	0	0	1651	1123.42	68.045
120	1997		303	8	10	3	3FL	1	0	1	1	0	1	1	1	0	0	0	1	0	1	1	1	0	0	1	0	0	0	0	1649.5	1083.17	65.666
120	1997		304	2	2	1	3	1	0	0	0	0	0	1	0	0	0	0	1	0	0	0	0	0	0	0	0	0	0	0	1644.5	1038.25	63.135
120	1997		307	8	9	4	4FLW	0	1	1	1	1	0	0	0	0	1	0	0	0	0	1	1	1	1	0	1	1	1	0	1660	873.42	52.615
120	1997		308	1	1	1	F	0	0	1	0	0	0	0	0	0	1	0	0	0	0	0	0	0	0	0	0	0	0	0	1625.5	1436.33	88.363
120	1997		311	2	2	2	34	1	1	0	0	0	0	0	0	0	0	0	1	0	0	0	0	1	0	0	0	0	0	0	1589	988.75	62.225
120	1997		313	8	9	4	3FLW	1	0	1	1	1	1	0	1	0	0	0	1	1	1	1	0	0	1	0	0	1	0	0	1581.5	1028.83	65.054
120	1997		318	16	17	5	34FLW	1	1	1	1	1	1	1	1	1	1	1	1	1	0	1	1	1	0	1	1	1	1	1	1559	825.08	52.924
120	1997		322	2	2	2	4W	0	1	0	0	1	0	0	0	0	0	0	0	0	0	0	0	0	0	0	1	0	1	0	1526.5	965.5	63.249
120	1997		324	2	2	1	3	1	0	0	0	0	0	0	0	0	0	1	0	0	0	0	0	0	0	1	0	0	0	0	1496.5	1145.25	76.529
120	1997		325	4	5	4	34FL	1	1	1	1	0	0	0	0	0	0	0	1	0	0	0	1	1	1	0	0	0	0	0	1518	927.92	61.128
120	1997		328	16	17	5	34FLW	1	1	1	1	1	1	1	1	1	1	1	1	1	1	1	1	1	1	1	0	1	1	0	1538.5	586.75	38.138
120	1997		329	16	17	5	34FLW	1	1	1	1	1	1	1	1	1	0	1	1	1	0	1	1	1	1	1	1	1	1	1	1533.5	795.67	51.886
120	1997		330	2	2	2	4F	0	1	1	0	0	0	0	0	1	0	0	0	0	1	0	0	0	0	0	0	0	0	0	1544	1072.17	69.441
120	1997		331	16	17	5	34FLW	1	1	1	1	1	1	1	1	1	1	1	1	1	1	1	1	1	1	0	1	1	1	0	1564.5	834.25	53.324
120	1997		333	1	1	1	3	1	0	0	0	0	0	0	0	0	0	1	0	0	0	0	0	0	0	0	0	0	0	0	1687.5	1405.17	83.269
120	1997		334	2	2	2	34	1	1	0	0	0	0	0	0	0	0	1	0	0	0	0	0	0	0	0	0	0	0	1	1641	1317.67	80.297
120	1997		335	2	3	2	3L	1	0	0	1	0	0	0	1	0	0	0	1	0	0	0	0	0	0	0	0	0	0	0	1632.5	1204.5	73.783
120	1997		336	16	17	5	34FLW	1	1	1	1	1	1	1	1	1	1	1	1	1	1	1	1	1	0	0	1	1	1	1	1637.5	912.67	55.735
120	1997		338	1	2	1	F	0	0	1	0	0	0	0	0	0	0	0	0	0	0	0	1	0	0	0	0	0	0	0	1650.5	1115.25	67.57
120	1997		339	16	17	5	34FLW	1	1	1	1	1	1	0	1	1	1	1	1	1	1	1	1	1	1	1	1	1	1	0	1700.5	727.67	42.791
120	1997		342	2	3	2	FL	0	0	1	1	0	0	0	0	0	0	0	0	0	0	1	1	0	0	0	0	0	0	0	1841.5	1116	60.603
120	1998	7/27/1998	2	1	1	1	L	0	0	0	1	0	0	0	0	0	0	0	0	1	0	0	0	0	0	0	0	0	0	0	1328.2	1168.1	0.88	0.21
120	1998	7/27/1998	3	4	5	2	4F	0	1	1	0	0	0	0	0	0	1	0	0	0	1	0	1	1	0	0	0	0	0	0	1356.8	1169.7	0.87	0.25
120	1998	7/27/1998	5	1	1	1	4	0	1	0	0	0	0	0	0	1	0	0	0	0	0	0	0	0	0	0	0	0	0	0	1397	1180.8	0.85	0.29
120	1998	7/27/1998	6	2	2	1	4	0	1	0	0	0	0	0	0	0	0	0	0	0	0	0	0	1	0	0	0	0	1	0	1407.3	1193.9	0.85	0.29
120	1998	7/27/1998	9	16	17	5	34FLW	1	1	1	1	1	1	1	1	1	1	1	0	1	1	1	1	1	1	1	0	1	1	1	1587.4	841	0.53	1.16
120	1998	7/27/1998	11	1	1	1	F	0	0	1	0	0	1	0	0	0	0	0	0	0	0	0	0	0	0	0	0	0	0	0	830.7	1315.3	0.81	0.38
120	1998	7/27/1998	12	8	10	4	34FL	1	1	1	1	0	1	0	1	0	0	0	1	0	0	1	1	0	0	1	0	0	1	1	1694	531.9	0.37	1.81
120	1998	7/27/1998	14	2	2	1	F	0	0	1	0	0	0	0	0	0	1	0	0	0	1	0	0	0	0	0	0	0	0	0	1700.3	1436.2	0.86	0.25
120	1998	7/27/1998	15	8	10	4	3FLW	1	0	1	1	1	0	1	1	0	0	1	0	0	0	0	1	0	1	1	1	1	0	0	1629	940.6	0.57	0.93
120	1998	7/27/1998	16	1	1	1	F	0	0	1	0	0	0	0	0	0	1	0	0	0	0	0	0	0	0	0	0	0	0	0	1765.2	1597.8	0.91	0.17
120	1998	7/27/1998	20	1	1	1	L	0	0	0	1	0	0	0	1	0	0	0	0	0	0	0	0	0	0	0	0	0	0	0	2029.1	534.3	0.68	0.64
120	1998	7/27/1998	22	8	10	4	3FLW	1	0	1	1	1	0	1	1	0	1	1	1	0	1	0	1	0	0	0	0	1	0	0	1814.3	1052.2	0.59	0.88
120	1998	7/27/1998	24	4	4	3	34F	1	1	1	0	0	0	0	0	0	1	1	0	0	0	0	0	1	0	0	0	0	1	0	1676.3	1508.6	0.89	0.2
120	1998	7/27/1998	26	4	4	3	34L	1	1	0	1	0	0	1	0	0	0	1	0	0	0	0	0	0	1	0	0	0	0	1	1672	1209	0.73	0.58
120	1998	7/27/1998	27	16	17	5	34FLW	1	1	1	1	1	1	1	1	0	1	0	1	1	1	1	1	1	1	1	1	1	1	1	1655.3	801.8	0.48	1.32
120	1998	7/27/1998	28	4	4	2	LW	0	0	0	1	1	0	0	0	0	0	0	0	1	0	0	0	0	1	0	1	1	0	0	1725.7	992.8	0.72	0.59
120	1998	7/27/1998	29	1	1	1	L	0	0	0	1	0	0	0	0	0	0	0	0	1	0	0	0	0	0	0	0	0	0	0	1490.7	1205.9	0.76	0.49
120	1998	7/27/1998	30	16	17	5	34FLW	1	1	1	1	1	1	1	1	1	1	1	1	0	1	1	1	1	0	1	1	1	1	1	1627.5	1036.4	0.64	0.81
120	1998	7/27/1998	31	1	1	1	4	0	1	0	0	0	0	0	0	0	0	0	0	0	0	0	0	0	0	0	0	0	1	0	1592.9	1479.9	0.93	0.13
120	1998	7/27/1998	32	2	2	2	4W	0	1	0	0	1	0	0	0	1	0	0	0	0	0	0	0	0	0	0	1	0	0	0	1489.3	1314.9	0.89	0.2
120	1998	7/27/1998	33	4	5	4	34FL	1	1	1	1	0	0	1	1	1	0	0	0	0	1	0	0	0	0	0	0	0	0	0	1417.5	1068.8	0.76	0.49
120	1998	7/27/1998	34	16	17	5	34FLW	1	1	1	1	1	1	1	1	1	1	1	1	0	0	1	1	1	1	1	1	1	1	1	1389.9	910.3	0.65	0.74
120	1998	7/27/1998	35	16	17	5	34FLW	1	1	1	1	1	0	1	1	1	1	1	1	1	1	1	1	1	1	0	1	1	1	1	1365	818.6	0.6	0.88
120	1998	7/27/1998	56	2	2	2	4L	0	1	0	1	0	0	0	0	0	0	0	0	0	0	1	0	0	0	0	0	0	1	0	1437.5	645.3	0.59	0.87
120	1998	7/27/1998	57	8	10	4	34FL	1	1	1	1	0	1	1	1	0	0	0	1	1	0	0	1	0	0	1	0	0	1	0	1424.1	879.9	0.69	0.61
120	1998	7/27/1998	58	4	5	3	34F	1	1	1	0	0	0	0	0	1	0	0	0	0	0	0	1	0	0	1	0	0	0	1	1445	1111.8	0.78	0.41
120	1998	7/27/1998	92	1	1	1	4	0	1	0	0	0	0	0	0	0	0	0	0	0	0	0	0	0	0	0	0	0	0	1	845.2	523.7	0.52	1.04
120	1998	7/27/1998	93	4	4	2	3L	1	0	0	1	0	0	1	0	0	0	0	1	0	0	1	0	0	1	0	0	0	0	0	1465.3	391.2	0.4	1.47
120	1998	7/27/1998	94	1	1	1	L	0	0	0	1	0	0	0	0	0	0	0	0	1	0	0	0	0	0	0	0	0	0	0	1645.8	1130.3	0.69	0.59
120	1998	7/27/1998	98	8	8	5	34FLW	1	1	1	1	1	1	1	0	1	0	0	1	0	0	1	0	1	0	1	1	0	0	0	1773.3	550.2	0.37	1.6
120	1998	7/28/1998	89	16	16	5	34FLW	1	1	1	1	1	1	1	1	1	1	1	1	0	1	1	0	1	1	1	1	1	1	1	906.1	504.9	0.56	0.91
120	1998	7/28/1998	115	8	9	4	34FW	1	1	1	0	1	0	1	0	1	1	1	1	0	0	0	1	0	0	1	1	0	0	0	1551.7	1192.4	0.77	0.44
120	1998	7/28/1998	117	2	2	2	FL	0	0	1	1	0	0	0	0	0	1	0	0	0	0	1	0	0	0	0	0	0	0	0	1497.7	1221	0.82	0.36
120	1998	7/28/1998	118	8	9	5	34FLW	1	1	1	1	1	1	1	0	1	1	0	1	0	0	0	1	0	1	0	0	1	0	0	1440.5	1178.4	0.82	0.35
120	1998	7/28/1998	125	2	2	2	4L	0	1	0	1	0	0	0	0	0	0	0	0	0	0	0	0	0	1	0	0	0	1	0	1359.5	951.3	0.7	0.61
120	1998	7/28/1998	130	8	8	5	34FLW	1	1	1	1	1	1	0	0	0	1	1	0	0	1	0	0	1	1	0	0	1	1	0	681.6	567.9	0.84	0.29
120	1998	7/28/1998	133	4	6	3	4FL	0	1	1	1	0	0	0	1	0	0	0	0	1	0	0	1	0	0	0	0	0	1	0	961.2	671.2	0.7	0.58
120	1998	7/28/1998	135	1	1	1	4	0	1	0	0	0	0	0	0	0	0	0	0	0	0	0	0	0	0	0	0	0	1	0	926.7	831.2	0.9	0.17
120	1998	7/28/1998	136	16	17	5	34FLW	1	1	1	1	1	1	1	1	1	1	1	0	1	1	1	1	1	1	0	1	1	1	1	685.7	462.5	0.67	0.66
120	1998	7/28/1998	142	1	1	1	3	1	0	0	0	0	0	0	0	0	0	0	1	0	0	0	0	0	0	0	0	0	0	0	1391.6	1211.9	0.88	0.23
120	1998	7/28/1998	146	8	9	5	34FLW	1	1	1	1	1	1	0	0	1	0	0	0	1	0	0	1	1	0	1	1	1	0	0	1552.4	820.8	0.61	0.86
120	1998	7/28/1998	149	4	6	4	4FLW	0	1	1	1	1	0	0	1	0	0	0	0	0	0	0	1	0	0	0	0	1	0	1	1044.5	730.6	0.52	1.15
120	1998	7/28/1998	151	1	1	1	W	0	0	0	0	1	0	0	0	0	0	0	0	0	0	0	0	0	0	0	1	0	0	0	1585.4	1532	0.97	0.05
120	1998	7/28/1998	153	1	1	1	3	1	0	0	0	0	0	1	0	0	0	0	0	0	0	0	0	0	0	0	0	0	0	0	1506.8	1471.3	0.98	0.04
120	1998	7/28/1998	156	16	17	5	34FLW	1	1	1	1	1	1	1	1	1	1	1	1	1	1	0	1	1	1	0	1	1	1	1	1534	1116	0.77	0.45
120	1998	7/28/1998	157	2	2	1	3	1	0	0	0	0	0	1	0	0	0	0	1	0	0	0	0	0	0	0	0	0	0	0	1494.7	1405.4	0.93	0.13
120	1998	7/28/1998	160	16	17	5	34FLW	1	1	1	1	1	1	1	1	1	1	0	1	1	1	1	1	1	1	0	1	1	1	1	1483.9	1202.5	0.81	0.35
120	1998	7/28/1998	161	1	1	1	W	0	0	0	0	1	0	0	0	0	0	0	0	0	0	0	0	0	0	0	0	1	0	0	1509.9	1344	0.89	0.19
120	1998	7/28/1998	163	1	1	1	4	0	1	0	0	0	0	0	0	0	0	0	0	0	0	0	0	0	0	0	0	0	0	1	1344.5	994.4	0.74	0.49
120	1998	7/28/1998	186	16	17	5	34FLW	1	1	1	1	1	1	1	1	0	1	1	1	1	0	1	1	1	1	1	1	1	1	1	1510.5	790.4	0.53	1.09
120	1998	7/28/1998	189	2	2	2	4W	0	1	0	0	1	0	0	0	0	0	0	0	0	0	0	0	0	0	0	1	0	1	0	1494.3	1119.7	0.76	0.46
120	1998	7/28/1998	190	4	4	3	FLW	0	0	1	1	1	0	0	0	0	0	0	0	1	1	0	0	0	1	0	0	1	0	0	1451.7	1023.3	0.7	0.61
120	1998	7/29/1998	44	4	5	3	4FL	0	1	1	1	0	0	0	1	0	1	0	0	0	0	0	0	1	1	0	0	0	0	0	1166.6	574.8	0.63	0.68
120	1998	7/29/1998	45	4	4	4	4FLW	0	1	1	1	1	0	0	0	1	0	0	0	0	1	0	0	0	1	0	0	1	0	0	1200.9	841	0.76	0.4
120	1998	7/29/1998	46	16	17	5	34FLW	1	1	1	1	1	1	1	1	1	1	1	1	0	1	1	1	1	1	1	1	1	1	0	1233.9	631.6	0.56	0.83
120	1998	7/29/1998	48	2	2	2	3L	1	0	0	1	0	0	0	0	0	0	0	1	1	0	0	0	0	0	0	0	0	0	0	1279.1	901.4	0.6	0.8
120	1998	7/29/1998	50	8	9	4	3FLW	1	0	1	1	1	1	0	1	0	0	1	1	1	0	0	0	0	1	1	0	1	0	0	787.7	581.9	0.66	0.65
120	1998	7/29/1998	53	4	4	4	34LW	1	1	0	1	1	0	0	0	0	0	0	0	1	0	0	0	0	0	1	0	1	0	1	436.2	280.8	0.58	0.84
120	1998	7/29/1998	62	4	5	3	3LW	1	0	0	1	1	0	0	1	0	0	1	0	1	0	0	0	0	0	0	0	1	0	0	575.7	289.4	0.46	1.21
120	1998	7/29/1998	67	8	10	5	34FLW	1	1	1	1	1	0	1	1	0	0	0	1	0	0	1	1	0	0	0	1	1	0	1	1030.8	332.7	0.35	1.66
120	1998	7/29/1998	68	16	17	5	34FLW	1	1	1	1	1	1	1	0	0	1	1	1	1	1	1	1	1	1	1	1	1	1	1	1387.1	490.8	0.33	1.59
120	1998	7/29/1998	69	1	1	1	F	0	0	1	0	0	1	0	0	0	0	0	0	0	0	0	0	0	0	0	0	0	0	0	1086.6	862.9	0.78	0.35
120	1998	7/29/1998	70	4	4	3	4FL	0	1	1	1	0	0	0	0	1	1	0	0	0	0	1	0	0	0	0	0	0	1	0	1517.3	489.5	0.34	1.52
120	1998	7/29/1998	73	2	3	2	FW	0	0	1	0	1	0	0	0	0	0	0	0	0	0	0	1	0	0	0	1	0	0	0	1161.9	617.3	0.59	0.76
120	1998	7/29/1998	74	8	9	5	34FLW	1	1	1	1	1	1	1	1	0	1	1	1	0	0	0	0	0	0	0	0	1	0	1	1456.9	729.9	0.58	0.79
120	1998	7/29/1998	75	2	2	2	4F	0	1	1	0	0	0	0	0	0	1	0	0	0	0	0	0	1	0	0	0	0	0	0	1199.7	916.3	0.81	0.29
120	1998	7/30/1998	81	8	8	4	34FL	1	1	1	1	0	1	1	0	0	0	1	0	1	1	0	0	0	1	1	0	0	1	0	1057.6	710.6	0.67	0.6
120	1998	7/30/1998	82	16	17	5	34FLW	1	1	1	1	1	1	0	1	1	1	1	0	1	1	1	1	1	1	1	1	1	1	1	1110.9	542.9	0.49	1.06
120	1998	7/30/1998	83	1	1	1	L	0	0	0	1	0	0	0	0	0	0	0	0	0	0	1	0	0	0	0	0	0	0	0	1099.4	728.2	0.66	0.61
120	1998	7/30/1998	87	1	1	1	4	0	1	0	0	0	0	0	0	0	0	0	0	0	0	0	0	0	0	0	0	0	0	1	852.8	607.6	0.72	0.45
120	1998	7/30/1998	104	8	8	5	34FLW	1	1	1	1	1	1	0	0	0	0	1	1	0	1	1	0	0	1	0	1	0	1	0	884.6	555.5	0.63	0.64
120	1998	7/30/1998	107	16	17	5	34FLW	1	1	1	1	1	0	1	1	1	1	1	1	1	1	1	1	1	1	1	1	1	1	0	945.8	729.4	0.77	0.37
120	1998	7/30/1998	108	16	17	5	34FLW	1	1	1	1	1	1	1	1	1	0	1	1	0	1	1	1	1	1	1	1	1	1	1	1125.5	496.8	0.44	1.23
120	1998	7/30/1998	109	1	1	1	4	0	1	0	0	0	0	0	0	1	0	0	0	0	0	0	0	0	0	0	0	0	0	0	1118.8	1019	0.91	0.14
120	1998	7/30/1998	111	8	10	4	3FLW	1	0	1	1	1	1	1	1	0	0	0	0	1	0	0	1	0	0	1	1	1	0	0	1072.5	798.9	0.75	0.45
120	1998	7/30/1998	127	2	2	2	LW	0	0	0	1	1	0	0	0	0	0	0	0	1	0	0	0	0	0	0	0	1	0	0	1415.8	1211.3	0.85	0.3
120	1998	7/31/1998	193	2	2	2	4L	0	1	0	1	0	0	0	0	1	0	0	0	0	0	1	0	0	0	0	0	0	0	0	978	711.6	0.41	1.49
120	1998	7/31/1998	197	2	2	2	4F	0	1	1	0	0	0	0	0	0	1	0	0	0	0	0	0	1	0	0	0	0	0	0	1966.9	1229.1	0.62	0.73
120	1998	7/31/1998	199	4	4	3	4LW	0	1	0	1	1	0	0	0	0	0	0	0	0	0	1	0	0	0	0	1	1	1	0	1876.3	618	0.33	1.64
120	1998	7/31/1998	201	4	4	3	4LW	0	1	0	1	1	0	0	0	0	0	0	0	1	0	0	0	0	1	0	1	0	0	1	1754.9	598.3	0.34	1.61
120	1998	7/31/1998	202	16	17	4	34FL	1	1	1	1	0	1	1	1	1	1	1	1	1	1	1	1	1	1	1	0	0	1	1	1715.9	296.9	0.17	2.59
120	1998	7/31/1998	205	1	1	1	L	0	0	0	1	0	0	0	0	0	0	0	0	0	0	0	0	0	1	0	0	0	0	0	1539.3	744.7	0.69	0.53
120	1998	7/31/1998	223	4	4	3	3FW	1	0	1	0	1	0	0	0	0	0	0	1	0	1	0	0	0	0	1	1	0	0	0	1508.3	1248.4	0.84	0.28
120	1998	7/31/1998	224	2	2	2	4F	0	1	1	0	0	1	0	0	0	0	0	0	0	0	0	0	0	0	0	0	0	0	1	1491.5	1072.5	0.71	0.53
120	1998	7/31/1998	225	4	4	4	34LW	1	1	0	1	1	0	0	0	0	0	1	0	0	0	0	0	0	1	0	1	0	1	0	896.1	921.4	0.64	0.72
120	1998	7/31/1998	227	16	17	5	34FLW	1	1	1	1	1	0	1	1	1	1	1	1	1	1	1	1	1	1	1	0	1	1	1	405.6	313.7	0.38	1.6
120	1998	8/4/1998	229	4	4	3	34L	1	1	0	1	0	0	0	0	1	0	0	0	0	0	0	0	0	1	1	0	0	1	0	855.1	476.3	0.59	0.86
120	1998	8/4/1998	230	1	1	1	4	0	1	0	0	0	0	0	0	0	0	0	0	0	0	0	0	1	0	0	0	0	0	0	860.5	498.9	0.57	0.93
120	1998	8/4/1998	232	8	10	5	34FLW	1	1	1	1	1	0	0	1	0	0	0	1	0	0	1	1	1	0	0	1	0	1	1	1096.8	469.8	0.44	1.34
120	1998	8/4/1998	233	4	4	4	3FLW	1	0	1	1	1	0	0	0	0	0	0	0	0	1	0	0	0	1	1	1	0	0	0	900.4	472.9	0.55	1
120	1998	8/4/1998	234	2	2	2	3L	1	0	0	1	0	0	0	0	0	0	1	0	0	0	1	0	0	0	0	0	0	0	0	1308	629.7	0.49	1.21
120	1998	8/4/1998	235	16	17	5	34FLW	1	1	1	1	1	1	1	1	1	1	0	0	1	1	1	1	1	1	1	1	1	1	1	799.5	451.2	0.4	1.55
120	1998	8/4/1998	236	2	2	2	4L	0	1	0	1	0	0	0	0	0	0	0	0	1	0	0	0	1	0	0	0	0	0	0	856.7	372.8	0.37	1.72
120	1998	8/4/1998	237	1	1	1	3	1	0	0	0	0	0	0	0	0	0	0	0	0	0	0	0	0	0	1	0	0	0	0	741.5	542.2	0.78	0.43
120	1998	8/4/1998	239	16	17	5	34FLW	1	1	1	1	1	1	1	1	1	1	1	1	1	0	1	1	0	1	1	1	1	1	1	705.6	247.5	0.36	1.78
120	1998	8/4/1998	242	16	17	5	34FLW	1	1	1	1	1	0	1	1	1	1	1	1	0	1	1	1	1	1	1	1	1	1	1	571.8	331.1	0.58	0.98
120	1998	8/4/1998	244	0	0	0		0	0	0	0	0	0	0	0	0	0	0	0	0	0	0	0	0	0	0	0	0	0	0	697.1	593.8	0.87	0.25
120	1998	8/4/1998	248	0	0	0		0	0	0	0	0	0	0	0	0	0	0	0	0	0	0	0	0	0	0	0	0	0	0	545.1	548.4	1
120	1998	8/4/1998	253	16	17	5	34FLW	1	1	1	1	1	1	1	1	1	1	0	1	1	1	1	1	1	1	1	0	1	1	1	637.7	511	0.62	0.83
120	1998	8/4/1998	256	1	1	1	3	1	0	0	0	0	0	1	0	0	0	0	0	0	0	0	0	0	0	0	0	0	0	0	663.8	668.4	0.88	0.21
120	1998	8/4/1998	257	16	17	5	34FLW	1	1	1	1	1	1	1	1	0	0	1	1	1	1	1	1	1	1	1	1	1	1	1	957.6	227.5	0.28	2.14
120	1998	8/4/1998	259	2	2	2	4L	0	1	0	1	0	0	0	0	0	0	0	0	1	0	0	0	0	0	0	0	0	1	0	1056.6	393.4	0.37	1.69
120	1998	8/4/1998	265	1	1	1	L	0	0	0	1	0	0	0	0	0	0	0	0	0	0	1	0	0	0	0	0	0	0	0	767.6	516.5	0.7	0.58
120	1998	8/4/1998	266	8	9	5	34FLW	1	1	1	1	1	1	1	1	1	0	0	0	0	0	0	0	0	1	0	0	1	1	1	716.8	339.8	0.51	1.08
120	1998	8/4/1998	283	8	8	3	34F	1	1	1	0	0	1	1	0	1	1	1	0	0	0	0	0	1	0	0	0	0	1	1	436.9	270.7	0.59	0.97
120	1998	8/5/1998	267	1	1	1	F	0	0	1	0	0	0	0	0	0	0	0	0	0	1	0	0	0	0	0	0	0	0	0	1449.4	1164.6	0.76	0.38
120	1998	8/5/1998	268	1	1	1	3	1	0	0	0	0	0	0	0	0	0	0	1	0	0	0	0	0	0	0	0	0	0	0	1155.6	920.7	0.72	0.46
120	1998	8/5/1998	272	2	3	2	LW	0	0	0	1	1	0	0	1	0	0	0	0	0	0	0	0	0	0	0	1	0	0	0	1536.3	1162.4	0.71	0.47
120	1998	8/5/1998	273	16	17	5	34FLW	1	1	1	1	1	1	0	0	1	1	1	1	1	1	1	1	1	1	1	1	1	1	1	1236.3	380.3	0.3	1.63
120	1998	8/5/1998	278	2	2	2	34	1	1	0	0	0	0	0	0	0	0	1	0	0	0	0	0	0	0	0	0	0	0	1	1516.8	1164.5	0.75	0.39
120	1998	8/5/1998	280	1	1	1	4	0	1	0	0	0	0	0	0	0	0	0	0	0	0	0	0	0	0	0	0	0	1	0	926.2	693.2	0.7	0.48
120	1998	8/5/1998	282	1	1	1	4	0	1	0	0	0	0	0	0	0	0	0	0	0	0	0	0	0	0	0	0	0	0	1	757.2	602.5	0.69	0.49
120	1998	8/5/1998	286	4	4	3	34L	1	1	0	1	0	0	0	0	0	0	0	0	1	0	0	0	0	0	1	0	0	1	1	695.9	355.1	0.5	0.91
120	1998	8/5/1998	287	4	5	3	34F	1	1	1	0	0	1	0	0	0	0	1	0	0	0	0	1	0	0	0	0	0	1	0	863.1	601.4	0.7	0.46
120	1998	8/5/1998	290	1	2	1	F	0	0	1	0	0	0	0	0	0	0	0	0	0	0	0	1	0	0	0	0	0	0	0	1278.3	952	0.71	0.45
120	1998	8/5/1998	291	1	1	1	L	0	0	0	1	0	0	0	0	0	0	0	0	0	0	0	0	0	1	0	0	0	0	0	1216.9	1109.8	0.76	0.36
120	1998	8/5/1998	292	8	9	3	34L	1	1	0	1	0	0	0	1	1	0	1	1	1	0	1	0	0	0	1	0	0	0	1	1482.6	570.8	0.43	1.11
120	1998	8/5/1998	293	8	8	4	4FLW	0	1	1	1	1	0	0	0	1	1	0	0	1	0	1	0	0	1	0	1	1	1	0	1292.9	695.5	0.51	0.9
120	1998	8/5/1998	296	1	1	1	W	0	0	0	0	1	0	0	0	0	0	0	0	0	0	0	0	0	0	0	0	1	0	0	1059.9	945.2	0.89	0.16
120	1998	8/5/1998	299	16	17	5	34FLW	1	1	1	1	1	0	1	1	1	1	1	1	1	1	1	1	1	1	1	0	1	1	1	1492.7	709.3	0.46	1.04
120	1998	8/5/1998	300	2	2	2	4L	0	1	0	1	0	0	0	0	0	0	0	0	0	0	1	0	1	0	0	0	0	0	0	1714.8	598	0.43	1.14
120	1998	8/5/1998	301	16	17	5	34FLW	1	1	1	1	1	1	1	1	1	1	1	1	1	1	1	1	1	0	1	0	1	1	1	1112.2	729.3	0.68	0.53
120	1998	8/5/1998	302	4	5	3	FLW	0	0	1	1	1	0	0	0	0	0	0	0	0	1	1	1	0	0	0	0	1	0	0	934.6	547.5	0.55	0.81
120	1998	8/5/1998	303	8	10	3	3FL	1	0	1	1	0	1	1	1	0	0	0	1	0	1	1	1	0	0	1	0	0	0	0	1098.8	575.9	0.47	1.01
120	1998	8/5/1998	304	2	2	1	3	1	0	0	0	0	0	1	0	0	0	0	1	0	0	0	0	0	0	0	0	0	0	0	1319.6	1084.7	0.81	0.29
120	1998	8/5/1998	311	2	2	2	34	1	1	0	0	0	0	0	0	0	0	0	1	0	0	0	0	1	0	0	0	0	0	0	641.8	358.1	0.57	0.74
120	1998	8/5/1998	313	8	9	4	3FLW	1	0	1	1	1	1	0	1	0	0	0	1	1	1	1	0	0	1	0	0	1	0	0	675.4	407.9	0.55	0.77
120	1998	8/5/1998	318	16	17	5	34FLW	1	1	1	1	1	1	1	1	1	1	1	1	1	0	1	1	1	0	1	1	1	1	1	962.1	503.3	0.52	0.85
120	1998	8/5/1998	322	2	2	2	4W	0	1	0	0	1	0	0	0	0	0	0	0	0	0	0	0	0	0	0	1	0	1	0	620.7	504.1	0.73	0.42
120	1998	8/5/1998	324	2	2	1	3	1	0	0	0	0	0	0	0	0	0	1	0	0	0	0	0	0	0	1	0	0	0	0	974.5	744	0.73	0.42
120	1998	8/5/1998	325	4	5	4	34FL	1	1	1	1	0	0	0	0	0	0	0	1	0	0	0	1	1	1	0	0	0	0	0	660.8	352.6	0.54	0.82
120	1998	8/5/1998	328	16	17	5	34FLW	1	1	1	1	1	1	1	1	1	1	1	1	1	1	1	1	1	1	1	0	1	1	0	734.1	361.6	0.44	1.07
120	1998	8/5/1998	329	16	17	5	34FLW	1	1	1	1	1	1	1	1	1	0	1	1	1	0	1	1	1	1	1	1	1	1	1	935	459.5	0.54	0.8
120	1998	8/6/1998	110	4	4	3	34L	1	1	0	1	0	0	0	0	0	0	1	0	1	0	1	0	1	0	0	0	0	0	0	713.1	382.5	0.5	1.01
120	1998	8/6/1998	126	0	0	0		0	0	0	0	0	0	0	0	0	0	0	0	0	0	0	0	0	0	0	0	0	0	0	1638.8	1540.4	0.94	0.1
120	1998	8/6/1998	129	1	1	1	F	0	0	1	0	0	0	0	0	0	0	0	0	0	1	0	0	0	0	0	0	0	0	0	806.1	655.2	0.85	0.23
120	1998	8/6/1998	137	1	1	1	L	0	0	0	1	0	0	0	1	0	0	0	0	0	0	0	0	0	0	0	0	0	0	0	1014.9	378.3	0.42	1.25
120	1998	8/6/1998	138	4	4	2	3F	1	0	1	0	0	1	0	0	0	0	1	1	0	1	0	0	0	0	0	0	0	0	0	1161.3	650.2	0.61	0.89
120	1998	8/6/1998	139	4	4	2	3L	1	0	0	1	0	0	1	0	0	0	1	1	1	0	0	0	0	0	0	0	0	0	0	974.7	388	0.41	1.6
120	1998	8/6/1998	164	16	17	5	34FLW	1	1	1	1	1	0	1	1	1	1	1	1	1	1	0	1	1	1	1	1	1	1	1	988.9	506.3	0.56	1.04
120	1998	8/6/1998	165	2	2	2	34	1	1	0	0	0	0	0	0	0	0	0	0	0	0	0	0	0	0	1	0	0	0	1	861.1	537.1	0.6	0.91
120	1998	8/6/1998	166	0	0	0		0	0	0	0	0	0	0	0	0	0	0	0	0	0	0	0	0	0	0	0	0	0	0	933.2	895.5	0.89	0.21
120	1998	8/6/1998	167	1	1	1	F	0	0	1	0	0	0	0	0	0	0	0	0	0	1	0	0	0	0	0	0	0	0	0	975.2	791.2	0.8	0.4
120	1998	8/6/1998	168	2	2	2	34	1	1	0	0	0	0	0	0	1	0	0	1	0	0	0	0	0	0	0	0	0	0	0	1063.6	656.6	0.53	1.11
120	1998	8/6/1998	169	16	17	5	34FLW	1	1	1	1	1	1	1	0	1	1	1	1	1	1	1	1	1	1	1	1	1	0	1	1187.8	527.8	0.42	1.5
120	1998	8/6/1998	170	8	10	4	3FLW	1	0	1	1	1	1	0	1	0	1	1	1	0	0	0	1	0	1	0	1	0	0	0	1473.1	771.6	0.6	0.87
120	1998	8/6/1998	171	2	2	2	3L	1	0	0	1	0	0	0	0	0	0	0	1	0	0	1	0	0	0	0	0	0	0	0	1351.6	652.3	0.51	1.15
120	1998	8/6/1998	174	16	17	5	34FLW	1	1	1	1	1	1	1	1	0	1	1	1	1	1	1	1	1	1	0	1	1	1	1	978	433.1	0.42	1.21
120	1998	8/6/1998	175	2	2	2	4L	0	1	0	1	0	0	0	0	0	0	0	0	0	0	1	0	0	0	0	0	0	0	1	1062.8	311.3	0.3	1.71
120	1998	8/6/1998	176	4	4	3	34F	1	1	1	0	0	0	1	0	0	0	0	0	0	1	0	0	1	0	1	0	0	0	0	1133.5	581.5	0.57	0.79
120	1998	8/6/1998	177	8	9	5	34FLW	1	1	1	1	1	0	0	1	1	1	0	1	0	1	0	0	0	0	0	0	1	1	1	969.4	540.8	0.51	0.94
120	1998	8/6/1998	178	8	9	3	34F	1	1	1	0	0	1	1	0	0	0	1	1	0	1	0	1	1	0	0	0	0	1	0	873.5	341.7	0.33	1.56
120	1998	8/6/1998	185	1	1	1	L	0	0	0	1	0	0	0	0	0	0	0	0	0	0	0	0	0	1	0	0	0	0	0	848.1	694.1	0.86	0.22
120	1998	8/6/1998	206	8	9	4	34FL	1	1	1	1	0	0	1	0	1	1	0	0	1	0	1	1	0	0	1	0	0	0	1	934.5	438.7	0.47	1.05
120	1998	8/6/1998	208	8	8	4	34FL	1	1	1	1	0	1	1	0	0	0	0	1	1	0	1	0	1	0	1	0	0	1	0	1108.6	383.9	0.35	1.44
120	1998	8/6/1998	210	8	8	4	34FL	1	1	1	1	0	1	0	0	0	0	1	1	1	1	1	0	0	0	1	0	0	1	0	1083.7	346	0.35	1.44
120	1998	8/6/1998	211	2	4	2	FL	0	0	1	1	0	0	0	1	0	0	0	0	0	0	0	1	0	0	0	0	0	0	0	994.6	512.2	0.5	0.94
120	1998	8/6/1998	213	8	9	5	34FLW	1	1	1	1	1	1	0	1	1	0	0	1	1	0	0	0	0	0	1	0	1	1	0	1054.7	403	0.39	1.28
120	1998	8/6/1998	220	16	17	5	34FLW	1	1	1	1	1	1	1	1	1	1	0	1	1	0	1	1	1	1	1	1	1	1	1	598.6	294.6	0.52	0.87
120	1998	8/6/1998	221	2	2	1	W	0	0	0	0	1	0	0	0	0	0	0	0	0	0	0	0	0	0	0	1	1	0	0	580.2	538.1	0.95	0.06
120	1998	8/6/1998	255	1	1	1	W	0	0	0	0	1	0	0	0	0	0	0	0	0	0	0	0	0	0	0	1	0	0	0	1415.6	978.8	0.98	0.03
120	1998	8/6/1998	307	8	9	4	4FLW	0	1	1	1	1	0	0	0	0	1	0	0	0	0	1	1	1	1	0	1	1	1	0	465.4	241.1	0.53	0.84
120	1998	8/6/1998	308	1	1	1	F	0	0	1	0	0	0	0	0	0	1	0	0	0	0	0	0	0	0	0	0	0	0	0	472.7	431.8	0.89	0.14
120	1998	8/6/1998	330	2	2	2	4F	0	1	1	0	0	0	0	0	1	0	0	0	0	1	0	0	0	0	0	0	0	0	0	604.5	316	0.54	0.9
120	1998	8/6/1998	331	16	17	5	34FLW	1	1	1	1	1	1	1	1	1	1	1	1	1	1	1	1	1	1	0	1	1	1	0	651.1	286.6	0.47	1.14
120	1998	8/6/1998	333	1	1	1	3	1	0	0	0	0	0	0	0	0	0	1	0	0	0	0	0	0	0	0	0	0	0	0	712.8	550.4	0.78	0.38
120	1998	8/6/1998	334	2	2	2	34	1	1	0	0	0	0	0	0	0	0	1	0	0	0	0	0	0	0	0	0	0	0	1	767	474.5	0.65	0.67
120	1998	8/6/1998	335	2	3	2	3L	1	0	0	1	0	0	0	1	0	0	0	1	0	0	0	0	0	0	0	0	0	0	0	762.5	449.7	0.67	0.62
120	1998	8/6/1998	336	16	17	5	34FLW	1	1	1	1	1	1	1	1	1	1	1	1	1	1	1	1	1	0	0	1	1	1	1	1210	431.7	0.39	1.5
120	1998	8/6/1998	338	1	2	1	F	0	0	1	0	0	0	0	0	0	0	0	0	0	0	0	1	0	0	0	0	0	0	0	1385.8	715	0.55	0.96
120	1998	8/6/1998	339	16	17	5	34FLW	1	1	1	1	1	1	0	1	1	1	1	1	1	1	1	1	1	1	1	1	1	1	0	1257.8	523.6	0.43	1.39
120	1998	8/6/1998	342	2	3	2	FL	0	0	1	1	0	0	0	0	0	0	0	0	0	0	1	1	0	0	0	0	0	0	0	1177.2	646.8	0.5	1.16
120	1999	8/2/1999	2	1	1	1	L	0	0	0	1	0	0	0	0	0	0	0	0	1	0	0	0	0	0	0	0	0	0	0	1030	778	75.534
120	1999	8/2/1999	3	4	5	2	4F	0	1	1	0	0	0	0	0	0	1	0	0	0	1	0	1	1	0	0	0	0	0	0	1039	774	74.495
120	1999	8/2/1999	5	1	1	1	4	0	1	0	0	0	0	0	0	1	0	0	0	0	0	0	0	0	0	0	0	0	0	0	1158	699	60.363
120	1999	8/2/1999	6	2	2	1	4	0	1	0	0	0	0	0	0	0	0	0	0	0	0	0	0	1	0	0	0	0	1	0	1168	623	53.339
120	1999	8/2/1999	9	16	17	5	34FLW	1	1	1	1	1	1	1	1	1	1	1	0	1	1	1	1	1	1	1	0	1	1	1	1075	402	37.395
120	1999	8/2/1999	11	1	1	1	F	0	0	1	0	0	1	0	0	0	0	0	0	0	0	0	0	0	0	0	0	0	0	0	1137	776	68.25
120	1999	8/2/1999	12	8	10	4	34FL	1	1	1	1	0	1	0	1	0	0	0	1	0	0	1	1	0	0	1	0	0	1	1	1187	421	35.468
120	1999	8/2/1999	14	2	2	1	F	0	0	1	0	0	0	0	0	0	1	0	0	0	1	0	0	0	0	0	0	0	0	0	1038	814	78.42
120	1999	8/2/1999	15	8	10	4	3FLW	1	0	1	1	1	0	1	1	0	0	1	0	0	0	0	1	0	1	1	1	1	0	0	1083	432	39.889
120	1999	8/2/1999	16	1	1	1	F	0	0	1	0	0	0	0	0	0	1	0	0	0	0	0	0	0	0	0	0	0	0	0	1119	906	80.965
120	1999	8/2/1999	20	1	1	1	L	0	0	0	1	0	0	0	1	0	0	0	0	0	0	0	0	0	0	0	0	0	0	0	1098	763	69.49
120	1999	8/2/1999	22	8	10	4	3FLW	1	0	1	1	1	0	1	1	0	1	1	1	0	1	0	1	0	0	0	0	1	0	0	1122	702	62.567
120	1999	8/2/1999	24	4	4	3	34F	1	1	1	0	0	0	0	0	0	1	1	0	0	0	0	0	1	0	0	0	0	1	0	1117	894	80.036
120	1999	8/2/1999	26	4	4	3	34L	1	1	0	1	0	0	1	0	0	0	1	0	0	0	0	0	0	1	0	0	0	0	1	1109	623	56.177
120	1999	8/2/1999	27	16	17	5	34FLW	1	1	1	1	1	1	1	1	0	1	0	1	1	1	1	1	1	1	1	1	1	1	1	1216	691	56.826
120	1999	8/2/1999	28	4	4	2	LW	0	0	0	1	1	0	0	0	0	0	0	0	1	0	0	0	0	1	0	1	1	0	0	1243	778	62.591
120	1999	8/2/1999	29	1	1	1	L	0	0	0	1	0	0	0	0	0	0	0	0	1	0	0	0	0	0	0	0	0	0	0	1328	884	66.566
120	1999	8/2/1999	30	16	17	5	34FLW	1	1	1	1	1	1	1	1	1	1	1	1	0	1	1	1	1	0	1	1	1	1	1	1242	753	60.628
120	1999	8/2/1999	31	1	1	1	4	0	1	0	0	0	0	0	0	0	0	0	0	0	0	0	0	0	0	0	0	0	1	0	1257	1086	86.396
120	1999	8/2/1999	32	2	2	2	4W	0	1	0	0	1	0	0	0	1	0	0	0	0	0	0	0	0	0	0	1	0	0	0	1261	1100	87.232
120	1999	8/2/1999	33	4	5	4	34FL	1	1	1	1	0	0	1	1	1	0	0	0	0	1	0	0	0	0	0	0	0	0	0	1179	959	81.34
120	1999	8/2/1999	34	16	17	5	34FLW	1	1	1	1	1	1	1	1	1	1	1	1	0	0	1	1	1	1	1	1	1	1	1	1324	861	65.03
120	1999	8/2/1999	35	16	17	5	34FLW	1	1	1	1	1	0	1	1	1	1	1	1	1	1	1	1	1	1	0	1	1	1	1	1276	723	56.661
120	1999	8/2/1999	44	4	5	3	4FL	0	1	1	1	0	0	0	1	0	1	0	0	0	0	0	0	1	1	0	0	0	0	0	1240	782	63.065
120	1999	8/2/1999	45	4	4	4	4FLW	0	1	1	1	1	0	0	0	1	0	0	0	0	1	0	0	0	1	0	0	1	0	0	1139	1004	88.147
120	1999	8/2/1999	46	16	17	5	34FLW	1	1	1	1	1	1	1	1	1	1	1	1	0	1	1	1	1	1	1	1	1	1	0	1146	726	63.351
120	1999	8/2/1999	48	2	2	2	3L	1	0	0	1	0	0	0	0	0	0	0	1	1	0	0	0	0	0	0	0	0	0	0	1294	789	60.974
120	1999	8/2/1999	50	8	9	4	3FLW	1	0	1	1	1	1	0	1	0	0	1	1	1	0	0	0	0	1	1	0	1	0	0	1363	980	71.9
120	1999	8/2/1999	53	4	4	4	34LW	1	1	0	1	1	0	0	0	0	0	0	0	1	0	0	0	0	0	1	0	1	0	1	1311	1056	80.549
120	1999	8/2/1999	56	2	2	2	4L	0	1	0	1	0	0	0	0	0	0	0	0	0	0	1	0	0	0	0	0	0	1	0	1348	894	66.32
120	1999	8/2/1999	57	8	10	4	34FL	1	1	1	1	0	1	1	1	0	0	0	1	1	0	0	1	0	0	1	0	0	1	0	1291	831	64.369
120	1999	8/2/1999	58	4	5	3	34F	1	1	1	0	0	0	0	0	1	0	0	0	0	0	0	1	0	0	1	0	0	0	1	1379	943	68.383
120	1999	8/2/1999	62	4	5	3	3LW	1	0	0	1	1	0	0	1	0	0	1	0	1	0	0	0	0	0	0	0	1	0	0	1367	1070	78.274
120	1999	8/2/1999	67	8	10	5	34FLW	1	1	1	1	1	0	1	1	0	0	0	1	0	0	1	1	0	0	0	1	1	0	1	1409	809	57.417
120	1999	8/2/1999	68	16	17	5	34FLW	1	1	1	1	1	1	1	0	0	1	1	1	1	1	1	1	1	1	1	1	1	1	1	1373	708	51.566
120	1999	8/2/1999	69	1	1	1	F	0	0	1	0	0	1	0	0	0	0	0	0	0	0	0	0	0	0	0	0	0	0	0	1367	1199	87.71
120	1999	8/2/1999	70	4	4	3	4FL	0	1	1	1	0	0	0	0	1	1	0	0	0	0	1	0	0	0	0	0	0	1	0	1423	607	42.656
120	1999	8/2/1999	73	2	3	2	FW	0	0	1	0	1	0	0	0	0	0	0	0	0	0	0	1	0	0	0	1	0	0	0	1417	885	62.456
120	1999	8/2/1999	74	8	9	5	34FLW	1	1	1	1	1	1	1	1	0	1	1	1	0	0	0	0	0	0	0	0	1	0	1	1390	1021	73.453
120	1999	8/2/1999	75	2	2	2	4F	0	1	1	0	0	0	0	0	0	1	0	0	0	0	0	0	1	0	0	0	0	0	0	1388	1066	76.801
120	1999	8/2/1999	81	8	8	4	34FL	1	1	1	1	0	1	1	0	0	0	1	0	1	1	0	0	0	1	1	0	0	1	0	1352	897	66.346
120	1999	8/2/1999	82	16	17	5	34FLW	1	1	1	1	1	1	0	1	1	1	1	0	1	1	1	1	1	1	1	1	1	1	1	1363	820	60.161
120	1999	8/2/1999	83	1	1	1	L	0	0	0	1	0	0	0	0	0	0	0	0	0	0	1	0	0	0	0	0	0	0	0	1422	1189	83.615
120	1999	8/2/1999	87	1	1	1	4	0	1	0	0	0	0	0	0	0	0	0	0	0	0	0	0	0	0	0	0	0	0	1	1410	1056	74.894
120	1999	8/2/1999	89	16	16	5	34FLW	1	1	1	1	1	1	1	1	1	1	1	1	0	1	1	0	1	1	1	1	1	1	1	1480	634	42.838
120	1999	8/2/1999	92	1	1	1	4	0	1	0	0	0	0	0	0	0	0	0	0	0	0	0	0	0	0	0	0	0	0	1	1370	1023	74.672
120	1999	8/2/1999	93	4	4	2	3L	1	0	0	1	0	0	1	0	0	0	0	1	0	0	1	0	0	1	0	0	0	0	0	1513	738	48.777
120	1999	8/2/1999	94	1	1	1	L	0	0	0	1	0	0	0	0	0	0	0	0	1	0	0	0	0	0	0	0	0	0	0	1440	1100	76.389
120	1999	8/2/1999	98	8	8	5	34FLW	1	1	1	1	1	1	1	0	1	0	0	1	0	0	1	0	1	0	1	1	0	0	0	1511	773	51.158
120	1999	8/2/1999	104	8	8	5	34FLW	1	1	1	1	1	1	0	0	0	0	1	1	0	1	1	0	0	1	0	1	0	1	0	1530	975	63.725
120	1999	8/2/1999	107	16	17	5	34FLW	1	1	1	1	1	0	1	1	1	1	1	1	1	1	1	1	1	1	1	1	1	1	0	1543	1203	77.965
120	1999	8/2/1999	108	16	17	5	34FLW	1	1	1	1	1	1	1	1	1	0	1	1	0	1	1	1	1	1	1	1	1	1	1	1504	984	65.426
120	1999	8/2/1999	109	1	1	1	4	0	1	0	0	0	0	0	0	1	0	0	0	0	0	0	0	0	0	0	0	0	0	0	1530	1375	89.869
120	1999	8/2/1999	110	4	4	3	34L	1	1	0	1	0	0	0	0	0	0	1	0	1	0	1	0	1	0	0	0	0	0	0	1503	1058	70.393
120	1999	8/2/1999	111	8	10	4	3FLW	1	0	1	1	1	1	1	1	0	0	0	0	1	0	0	1	0	0	1	1	1	0	0	1529	1194	78.09
120	1999	8/2/1999	115	8	9	4	34FW	1	1	1	0	1	0	1	0	1	1	1	1	0	0	0	1	0	0	1	1	0	0	0	1491	1195	80.148
120	1999	8/2/1999	117	2	2	2	FL	0	0	1	1	0	0	0	0	0	1	0	0	0	0	1	0	0	0	0	0	0	0	0	1478	1073	72.598
120	1999	8/2/1999	118	8	9	5	34FLW	1	1	1	1	1	1	1	0	1	1	0	1	0	0	0	1	0	1	0	0	1	0	0	1525	1348	88.393
120	1999	8/2/1999	125	2	2	2	4L	0	1	0	1	0	0	0	0	0	0	0	0	0	0	0	0	0	1	0	0	0	1	0	1461	971	66.461
120	1999	8/2/1999	126	0	0	0		0	0	0	0	0	0	0	0	0	0	0	0	0	0	0	0	0	0	0	0	0	0	0	1503	1565	104.125
120	1999	8/2/1999	127	2	2	2	LW	0	0	0	1	1	0	0	0	0	0	0	0	1	0	0	0	0	0	0	0	1	0	0	1475	1212	82.169
120	1999	8/2/1999	129	1	1	1	F	0	0	1	0	0	0	0	0	0	0	0	0	0	1	0	0	0	0	0	0	0	0	0	1584	1266	79.924
120	1999	8/2/1999	130	8	8	5	34FLW	1	1	1	1	1	1	0	0	0	1	1	0	0	1	0	0	1	1	0	0	1	1	0	1447	898	62.059
120	1999	8/2/1999	133	4	6	3	4FL	0	1	1	1	0	0	0	1	0	0	0	0	1	0	0	1	0	0	0	0	0	1	0	1440	1054	73.194
120	1999	8/2/1999	135	1	1	1	4	0	1	0	0	0	0	0	0	0	0	0	0	0	0	0	0	0	0	0	0	0	1	0	1602	1363	85.081
120	1999	8/2/1999	136	16	17	5	34FLW	1	1	1	1	1	1	1	1	1	1	1	0	1	1	1	1	1	1	0	1	1	1	1	1604	872	54.364
120	1999	8/2/1999	137	1	1	1	L	0	0	0	1	0	0	0	1	0	0	0	0	0	0	0	0	0	0	0	0	0	0	0	1627	1040	63.921
120	1999	8/2/1999	138	4	4	2	3F	1	0	1	0	0	1	0	0	0	0	1	1	0	1	0	0	0	0	0	0	0	0	0	1606	1408	87.671
120	1999	8/2/1999	139	4	4	2	3L	1	0	0	1	0	0	1	0	0	0	1	1	1	0	0	0	0	0	0	0	0	0	0	1653	1329	80.399
120	1999	8/2/1999	142	1	1	1	3	1	0	0	0	0	0	0	0	0	0	0	1	0	0	0	0	0	0	0	0	0	0	0	1637	1566	95.663
120	1999	8/2/1999	146	8	9	5	34FLW	1	1	1	1	1	1	0	0	1	0	0	0	1	0	0	1	1	0	1	1	1	0	0	1624	1107	68.165
120	1999	8/2/1999	149	4	6	4	4FLW	0	1	1	1	1	0	0	1	0	0	0	0	0	0	0	1	0	0	0	0	1	0	1	1621	1191	73.473
120	1999	8/2/1999	151	1	1	1	W	0	0	0	0	1	0	0	0	0	0	0	0	0	0	0	0	0	0	0	1	0	0	0	1629	1501	92.142
120	1999	8/2/1999	153	1	1	1	3	1	0	0	0	0	0	1	0	0	0	0	0	0	0	0	0	0	0	0	0	0	0	0	1564	1568	100.256
120	1999	8/2/1999	156	16	17	5	34FLW	1	1	1	1	1	1	1	1	1	1	1	1	1	1	0	1	1	1	0	1	1	1	1	1474	1114	75.577
120	1999	8/2/1999	157	2	2	1	3	1	0	0	0	0	0	1	0	0	0	0	1	0	0	0	0	0	0	0	0	0	0	0	1556	1573	101.093
120	1999	8/2/1999	160	16	17	5	34FLW	1	1	1	1	1	1	1	1	1	1	0	1	1	1	1	1	1	1	0	1	1	1	1	1573	1337	84.997
120	1999	8/2/1999	161	1	1	1	W	0	0	0	0	1	0	0	0	0	0	0	0	0	0	0	0	0	0	0	0	1	0	0	1532	1405	91.71
120	1999	8/2/1999	163	1	1	1	4	0	1	0	0	0	0	0	0	0	0	0	0	0	0	0	0	0	0	0	0	0	0	1	1603	1231	76.794
120	1999	8/2/1999	164	16	17	5	34FLW	1	1	1	1	1	0	1	1	1	1	1	1	1	1	0	1	1	1	1	1	1	1	1	1584	979	61.806
120	1999	8/2/1999	165	2	2	2	34	1	1	0	0	0	0	0	0	0	0	0	0	0	0	0	0	0	0	1	0	0	0	1	1610	1241	77.081
120	1999	8/2/1999	166	0	0	0		0	0	0	0	0	0	0	0	0	0	0	0	0	0	0	0	0	0	0	0	0	0	0	1608	1628	101.244
120	1999	8/2/1999	167	1	1	1	F	0	0	1	0	0	0	0	0	0	0	0	0	0	1	0	0	0	0	0	0	0	0	0	1615	1305	80.805
120	1999	8/2/1999	168	2	2	2	34	1	1	0	0	0	0	0	0	1	0	0	1	0	0	0	0	0	0	0	0	0	0	0	1615	1002	62.043
120	1999	8/2/1999	169	16	17	5	34FLW	1	1	1	1	1	1	1	0	1	1	1	1	1	1	1	1	1	1	1	1	1	0	1	1304	971	74.463
120	1999	8/2/1999	170	8	10	4	3FLW	1	0	1	1	1	1	0	1	0	1	1	1	0	0	0	1	0	1	0	1	0	0	0	1360	1259	92.574
120	1999	8/2/1999	171	2	2	2	3L	1	0	0	1	0	0	0	0	0	0	0	1	0	0	1	0	0	0	0	0	0	0	0	1282	1383	107.878
120	1999	8/2/1999	174	16	17	5	34FLW	1	1	1	1	1	1	1	1	0	1	1	1	1	1	1	1	1	1	0	1	1	1	1	1360	909	66.838
120	1999	8/2/1999	175	2	2	2	4L	0	1	0	1	0	0	0	0	0	0	0	0	0	0	1	0	0	0	0	0	0	0	1	1388	549	39.553
120	1999	8/2/1999	176	4	4	3	34F	1	1	1	0	0	0	1	0	0	0	0	0	0	1	0	0	1	0	1	0	0	0	0	1368	1110	81.14
120	1999	8/2/1999	177	8	9	5	34FLW	1	1	1	1	1	0	0	1	1	1	0	1	0	1	0	0	0	0	0	0	1	1	1	1317	1077	81.777
120	1999	8/2/1999	178	8	9	3	34F	1	1	1	0	0	1	1	0	0	0	1	1	0	1	0	1	1	0	0	0	0	1	0	1405	1028	73.167
120	1999	8/2/1999	185	1	1	1	L	0	0	0	1	0	0	0	0	0	0	0	0	0	0	0	0	0	1	0	0	0	0	0	1299	1325	102.002
120	1999	8/2/1999	186	16	17	5	34FLW	1	1	1	1	1	1	1	1	0	1	1	1	1	0	1	1	1	1	1	1	1	1	1	1387	1003	72.314
120	1999	8/2/1999	189	2	2	2	4W	0	1	0	0	1	0	0	0	0	0	0	0	0	0	0	0	0	0	0	1	0	1	0	1365	1252	91.722
120	1999	8/2/1999	190	4	4	3	FLW	0	0	1	1	1	0	0	0	0	0	0	0	1	1	0	0	0	1	0	0	1	0	0	1242	1226	98.712
120	1999	8/2/1999	193	2	2	2	4L	0	1	0	1	0	0	0	0	1	0	0	0	0	0	1	0	0	0	0	0	0	0	0	1294	748	57.805
120	1999	8/2/1999	197	2	2	2	4F	0	1	1	0	0	0	0	0	0	1	0	0	0	0	0	0	1	0	0	0	0	0	0	1371	1123	81.911
120	1999	8/2/1999	199	4	4	3	4LW	0	1	0	1	1	0	0	0	0	0	0	0	0	0	1	0	0	0	0	1	1	1	0	1372	940	68.513
120	1999	8/2/1999	201	4	4	3	4LW	0	1	0	1	1	0	0	0	0	0	0	0	1	0	0	0	0	1	0	1	0	0	1	1340	589	43.955
120	1999	8/2/1999	202	16	17	4	34FL	1	1	1	1	0	1	1	1	1	1	1	1	1	1	1	1	1	1	1	0	0	1	1	1120	454	40.536
120	1999	8/2/1999	205	1	1	1	L	0	0	0	1	0	0	0	0	0	0	0	0	0	0	0	0	0	1	0	0	0	0	0	1377	1166	84.677
120	1999	8/2/1999	206	8	9	4	34FL	1	1	1	1	0	0	1	0	1	1	0	0	1	0	1	1	0	0	1	0	0	0	1	1172	819	69.881
120	1999	8/2/1999	208	8	8	4	34FL	1	1	1	1	0	1	1	0	0	0	0	1	1	0	1	0	1	0	1	0	0	1	0	1339	714	53.323
120	1999	8/2/1999	210	8	8	4	34FL	1	1	1	1	0	1	0	0	0	0	1	1	1	1	1	0	0	0	1	0	0	1	0	1463	810	55.366
120	1999	8/2/1999	211	2	4	2	FL	0	0	1	1	0	0	0	1	0	0	0	0	0	0	0	1	0	0	0	0	0	0	0	1569	893	56.915
120	1999	8/2/1999	213	8	9	5	34FLW	1	1	1	1	1	1	0	1	1	0	0	1	1	0	0	0	0	0	1	0	1	1	0	1537	1082	70.397
120	1999	8/2/1999	220	16	17	5	34FLW	1	1	1	1	1	1	1	1	1	1	0	1	1	0	1	1	1	1	1	1	1	1	1	1433	1166	81.368
120	1999	8/2/1999	221	2	2	1	W	0	0	0	0	1	0	0	0	0	0	0	0	0	0	0	0	0	0	0	1	1	0	0	1402	1093	77.96
120	1999	8/2/1999	223	4	4	3	3FW	1	0	1	0	1	0	0	0	0	0	0	1	0	1	0	0	0	0	1	1	0	0	0	1345	1246	92.639
120	1999	8/2/1999	224	2	2	2	4F	0	1	1	0	0	1	0	0	0	0	0	0	0	0	0	0	0	0	0	0	0	0	1	1401	1192	85.082
120	1999	8/2/1999	225	4	4	4	34LW	1	1	0	1	1	0	0	0	0	0	1	0	0	0	0	0	0	1	0	1	0	1	0	1419	1135	79.986
120	1999	8/2/1999	227	16	17	5	34FLW	1	1	1	1	1	0	1	1	1	1	1	1	1	1	1	1	1	1	1	0	1	1	1	1393	1006	72.218
120	1999	8/2/1999	229	4	4	3	34L	1	1	0	1	0	0	0	0	1	0	0	0	0	0	0	0	0	1	1	0	0	1	0	1250	1252	100.16
120	1999	8/2/1999	230	1	1	1	4	0	1	0	0	0	0	0	0	0	0	0	0	0	0	0	0	1	0	0	0	0	0	0	1224	1046	85.458
120	1999	8/2/1999	232	8	10	5	34FLW	1	1	1	1	1	0	0	1	0	0	0	1	0	0	1	1	1	0	0	1	0	1	1	1263	880	69.675
120	1999	8/2/1999	233	4	4	4	3FLW	1	0	1	1	1	0	0	0	0	0	0	0	0	1	0	0	0	1	1	1	0	0	0	1159	1092	94.219
120	1999	8/2/1999	234	2	2	2	3L	1	0	0	1	0	0	0	0	0	0	1	0	0	0	1	0	0	0	0	0	0	0	0	1189	1207	101.514
120	1999	8/2/1999	235	16	17	5	34FLW	1	1	1	1	1	1	1	1	1	1	0	0	1	1	1	1	1	1	1	1	1	1	1	1216	986	81.086
120	1999	8/2/1999	236	2	2	2	4L	0	1	0	1	0	0	0	0	0	0	0	0	1	0	0	0	1	0	0	0	0	0	0	1124	1002	89.146
120	1999	8/2/1999	237	1	1	1	3	1	0	0	0	0	0	0	0	0	0	0	0	0	0	0	0	0	0	1	0	0	0	0	1218	1388	113.957
120	1999	8/2/1999	239	16	17	5	34FLW	1	1	1	1	1	1	1	1	1	1	1	1	1	0	1	1	0	1	1	1	1	1	1	1236	744	60.194
120	1999	8/2/1999	242	16	17	5	34FLW	1	1	1	1	1	0	1	1	1	1	1	1	0	1	1	1	1	1	1	1	1	1	1	1167	1052	90.146
120	1999	8/2/1999	244	0	0	0		0	0	0	0	0	0	0	0	0	0	0	0	0	0	0	0	0	0	0	0	0	0	0	1171	1502	128.266
120	1999	8/2/1999	248	0	0	0		0	0	0	0	0	0	0	0	0	0	0	0	0	0	0	0	0	0	0	0	0	0	0	1434	1448	100.976
120	1999	8/2/1999	253	16	17	5	34FLW	1	1	1	1	1	1	1	1	1	1	0	1	1	1	1	1	1	1	1	0	1	1	1	1354	882	65.14
120	1999	8/2/1999	255	1	1	1	W	0	0	0	0	1	0	0	0	0	0	0	0	0	0	0	0	0	0	0	1	0	0	0	1221	1296	106.143
120	1999	8/2/1999	256	1	1	1	3	1	0	0	0	0	0	1	0	0	0	0	0	0	0	0	0	0	0	0	0	0	0	0	1225	1309	106.857
120	1999	8/2/1999	257	16	17	5	34FLW	1	1	1	1	1	1	1	1	0	0	1	1	1	1	1	1	1	1	1	1	1	1	1	1176	447	38.01
120	1999	8/2/1999	259	2	2	2	4L	0	1	0	1	0	0	0	0	0	0	0	0	1	0	0	0	0	0	0	0	0	1	0	1220	709	58.115
120	1999	8/2/1999	265	1	1	1	L	0	0	0	1	0	0	0	0	0	0	0	0	0	0	1	0	0	0	0	0	0	0	0	1150	1130	98.261
120	1999	8/2/1999	266	8	9	5	34FLW	1	1	1	1	1	1	1	1	1	0	0	0	0	0	0	0	0	1	0	0	1	1	1	1240	780	62.903
120	1999	8/2/1999	267	1	1	1	F	0	0	1	0	0	0	0	0	0	0	0	0	0	1	0	0	0	0	0	0	0	0	0	1246	1040	83.467
120	1999	8/2/1999	268	1	1	1	3	1	0	0	0	0	0	0	0	0	0	0	1	0	0	0	0	0	0	0	0	0	0	0	1200	1204	100.333
120	1999	8/2/1999	272	2	3	2	LW	0	0	0	1	1	0	0	1	0	0	0	0	0	0	0	0	0	0	0	1	0	0	0	1228	987	80.375
120	1999	8/2/1999	273	16	17	5	34FLW	1	1	1	1	1	1	0	0	1	1	1	1	1	1	1	1	1	1	1	1	1	1	1	1113	276	24.798
120	1999	8/2/1999	278	2	2	2	34	1	1	0	0	0	0	0	0	0	0	1	0	0	0	0	0	0	0	0	0	0	0	1	1193	1119	93.797
120	1999	8/2/1999	280	1	1	1	4	0	1	0	0	0	0	0	0	0	0	0	0	0	0	0	0	0	0	0	0	0	1	0	1212	1041	85.891
120	1999	8/2/1999	282	1	1	1	4	0	1	0	0	0	0	0	0	0	0	0	0	0	0	0	0	0	0	0	0	0	0	1	1165	1070	91.845
120	1999	8/2/1999	283	8	8	3	34F	1	1	1	0	0	1	1	0	1	1	1	0	0	0	0	0	1	0	0	0	0	1	1	1145	1025	89.52
120	1999	8/2/1999	286	4	4	3	34L	1	1	0	1	0	0	0	0	0	0	0	0	1	0	0	0	0	0	1	0	0	1	1	1157	809	69.922
120	1999	8/2/1999	287	4	5	3	34F	1	1	1	0	0	1	0	0	0	0	1	0	0	0	0	1	0	0	0	0	0	1	0	1094	930	85.009
120	1999	8/2/1999	290	1	2	1	F	0	0	1	0	0	0	0	0	0	0	0	0	0	0	0	1	0	0	0	0	0	0	0	1172	589	50.256
120	1999	8/2/1999	291	1	1	1	L	0	0	0	1	0	0	0	0	0	0	0	0	0	0	0	0	0	1	0	0	0	0	0	1166	847	72.642
120	1999	8/2/1999	292	8	9	3	34L	1	1	0	1	0	0	0	1	1	0	1	1	1	0	1	0	0	0	1	0	0	0	1	1088	523	48.07
120	1999	8/2/1999	293	8	8	4	4FLW	0	1	1	1	1	0	0	0	1	1	0	0	1	0	1	0	0	1	0	1	1	1	0	1101	449	40.781
120	1999	8/2/1999	296	1	1	1	W	0	0	0	0	1	0	0	0	0	0	0	0	0	0	0	0	0	0	0	0	1	0	0	1068	768	71.91
120	1999	8/2/1999	299	16	17	5	34FLW	1	1	1	1	1	0	1	1	1	1	1	1	1	1	1	1	1	1	1	0	1	1	1	1059	627	59.207
120	1999	8/2/1999	300	2	2	2	4L	0	1	0	1	0	0	0	0	0	0	0	0	0	0	1	0	1	0	0	0	0	0	0	1084	602	55.535
120	1999	8/2/1999	301	16	17	5	34FLW	1	1	1	1	1	1	1	1	1	1	1	1	1	1	1	1	1	0	1	0	1	1	1	1124	756	67.26
120	1999	8/2/1999	302	4	5	3	FLW	0	0	1	1	1	0	0	0	0	0	0	0	0	1	1	1	0	0	0	0	1	0	0	1053	517	49.098
120	1999	8/2/1999	303	8	10	3	3FL	1	0	1	1	0	1	1	1	0	0	0	1	0	1	1	1	0	0	1	0	0	0	0	1013	647	63.87
120	1999	8/2/1999	304	2	2	1	3	1	0	0	0	0	0	1	0	0	0	0	1	0	0	0	0	0	0	0	0	0	0	0	1000	950	95
120	1999	8/2/1999	307	8	9	4	4FLW	0	1	1	1	1	0	0	0	0	1	0	0	0	0	1	1	1	1	0	1	1	1	0	954	489	51.258
120	1999	8/2/1999	308	1	1	1	F	0	0	1	0	0	0	0	0	0	1	0	0	0	0	0	0	0	0	0	0	0	0	0	1022	965	94.423
120	1999	8/2/1999	311	2	2	2	34	1	1	0	0	0	0	0	0	0	0	0	1	0	0	0	0	1	0	0	0	0	0	0	1008	721	71.528
120	1999	8/2/1999	313	8	9	4	3FLW	1	0	1	1	1	1	0	1	0	0	0	1	1	1	1	0	0	1	0	0	1	0	0	969	774	79.876
120	1999	8/2/1999	318	16	17	5	34FLW	1	1	1	1	1	1	1	1	1	1	1	1	1	0	1	1	1	0	1	1	1	1	1	986	497	50.406
120	1999	8/2/1999	322	2	2	2	4W	0	1	0	0	1	0	0	0	0	0	0	0	0	0	0	0	0	0	0	1	0	1	0	947	892	94.192
120	1999	8/2/1999	324	2	2	1	3	1	0	0	0	0	0	0	0	0	0	1	0	0	0	0	0	0	0	1	0	0	0	0	862	936	108.585
120	1999	8/2/1999	325	4	5	4	34FL	1	1	1	1	0	0	0	0	0	0	0	1	0	0	0	1	1	1	0	0	0	0	0	938	585	62.367
120	1999	8/2/1999	328	16	17	5	34FLW	1	1	1	1	1	1	1	1	1	1	1	1	1	1	1	1	1	1	1	0	1	1	0	872	449	51.491
120	1999	8/2/1999	329	16	17	5	34FLW	1	1	1	1	1	1	1	1	1	0	1	1	1	0	1	1	1	1	1	1	1	1	1	866	524	60.508
120	1999	8/2/1999	330	2	2	2	4F	0	1	1	0	0	0	0	0	1	0	0	0	0	1	0	0	0	0	0	0	0	0	0	899	594	66.073
120	1999	8/2/1999	331	16	17	5	34FLW	1	1	1	1	1	1	1	1	1	1	1	1	1	1	1	1	1	1	0	1	1	1	0	926	361	38.985
120	1999	8/2/1999	333	1	1	1	3	1	0	0	0	0	0	0	0	0	0	1	0	0	0	0	0	0	0	0	0	0	0	0	856	839	98.014
120	1999	8/2/1999	334	2	2	2	34	1	1	0	0	0	0	0	0	0	0	1	0	0	0	0	0	0	0	0	0	0	0	1	863	687	79.606
120	1999	8/2/1999	335	2	3	2	3L	1	0	0	1	0	0	0	1	0	0	0	1	0	0	0	0	0	0	0	0	0	0	0	824	682	82.767
120	1999	8/2/1999	336	16	17	5	34FLW	1	1	1	1	1	1	1	1	1	1	1	1	1	1	1	1	1	0	0	1	1	1	1	880	358	40.682
120	1999	8/2/1999	338	1	2	1	F	0	0	1	0	0	0	0	0	0	0	0	0	0	0	0	1	0	0	0	0	0	0	0	783	524	66.922
120	1999	8/2/1999	339	16	17	5	34FLW	1	1	1	1	1	1	0	1	1	1	1	1	1	1	1	1	1	1	1	1	1	1	0	885	252	28.475
120	1999	8/2/1999	342	2	3	2	FL	0	0	1	1	0	0	0	0	0	0	0	0	0	0	1	1	0	0	0	0	0	0	0	839	281	33.492
120	2000	7/21/2000	267	1	1	1	F	0	0	1	0	0	0	0	0	0	0	0	0	0	1	0	0	0	0	0	0	0	0	0			70.67	0.28
120	2000	7/21/2000	268	1	1	1	3	1	0	0	0	0	0	0	0	0	0	0	1	0	0	0	0	0	0	0	0	0	0	0			83.67	0.14
120	2000	7/21/2000	272	2	3	2	LW	0	0	0	1	1	0	0	1	0	0	0	0	0	0	0	0	0	0	0	1	0	0	0			26	1.05
120	2000	7/21/2000	273	16	17	5	34FLW	1	1	1	1	1	1	0	0	1	1	1	1	1	1	1	1	1	1	1	1	1	1	1			13.08	1.65
120	2000	7/21/2000	278	2	2	2	34	1	1	0	0	0	0	0	0	0	0	1	0	0	0	0	0	0	0	0	0	0	0	1			82.25	0.15
120	2000	7/21/2000	292	8	9	3	34L	1	1	0	1	0	0	0	1	1	0	1	1	1	0	1	0	0	0	1	0	0	0	1			20.75	1.24
120	2000	7/21/2000	293	8	8	4	4FLW	0	1	1	1	1	0	0	0	1	1	0	0	1	0	1	0	0	1	0	1	1	1	0			18.75	1.32
120	2000	7/21/2000	296	1	1	1	W	0	0	0	0	1	0	0	0	0	0	0	0	0	0	0	0	0	0	0	0	1	0	0			79.92	0.18
120	2000	7/21/2000	299	16	17	5	34FLW	1	1	1	1	1	0	1	1	1	1	1	1	1	1	1	1	1	1	1	0	1	1	1			73.92	0.25
120	2000	7/21/2000	300	2	2	2	4L	0	1	0	1	0	0	0	0	0	0	0	0	0	0	1	0	1	0	0	0	0	0	0			18.5	1.46
120	2000	7/21/2000	301	16	17	5	34FLW	1	1	1	1	1	1	1	1	1	1	1	1	1	1	1	1	1	0	1	0	1	1	1			56.58	0.49
120	2000	7/21/2000	302	4	5	3	FLW	0	0	1	1	1	0	0	0	0	0	0	0	0	1	1	1	0	0	0	0	1	0	0			32.58	0.98
120	2000	7/21/2000	303	8	10	3	3FL	1	0	1	1	0	1	1	1	0	0	0	1	0	1	1	1	0	0	1	0	0	0	0			32.33	0.92
120	2000	7/21/2000	304	2	2	1	3	1	0	0	0	0	0	1	0	0	0	0	1	0	0	0	0	0	0	0	0	0	0	0			78	0.2
120	2000	7/21/2000	308	1	1	1	F	0	0	1	0	0	0	0	0	0	1	0	0	0	0	0	0	0	0	0	0	0	0	0			76.67	0.21
120	2000	7/21/2000	311	2	2	2	34	1	1	0	0	0	0	0	0	0	0	0	1	0	0	0	0	1	0	0	0	0	0	0			52.67	0.44
120	2000	7/21/2000	313	8	9	4	3FLW	1	0	1	1	1	1	0	1	0	0	0	1	1	1	1	0	0	1	0	0	1	0	0			46.17	0.47
120	2000	7/21/2000	318	16	17	5	34FLW	1	1	1	1	1	1	1	1	1	1	1	1	1	0	1	1	1	0	1	1	1	1	1			30.83	0.53
120	2000	7/21/2000	322	2	2	2	4W	0	1	0	0	1	0	0	0	0	0	0	0	0	0	0	0	0	0	0	1	0	1	0			75	0.09
120	2000	7/21/2000	324	2	2	1	3	1	0	0	0	0	0	0	0	0	0	1	0	0	0	0	0	0	0	1	0	0	0	0			80.5	0.06
120	2000	7/21/2000	325	4	5	4	34FL	1	1	1	1	0	0	0	0	0	0	0	1	0	0	0	1	1	1	0	0	0	0	0			42.67	0.25
120	2000	7/21/2000	328	16	17	5	34FLW	1	1	1	1	1	1	1	1	1	1	1	1	1	1	1	1	1	1	1	0	1	1	0			18.33	0.67
120	2000	7/21/2000	329	16	17	5	34FLW	1	1	1	1	1	1	1	1	1	0	1	1	1	0	1	1	1	1	1	1	1	1	1			31.33	0.54
120	2000	7/21/2000	330	2	2	2	4F	0	1	1	0	0	0	0	0	1	0	0	0	0	1	0	0	0	0	0	0	0	0	0			55.75	0.3
120	2000	7/21/2000	331	16	17	5	34FLW	1	1	1	1	1	1	1	1	1	1	1	1	1	1	1	1	1	1	0	1	1	1	0			30.75	0.64
120	2000	7/21/2000	333	1	1	1	3	1	0	0	0	0	0	0	0	0	0	1	0	0	0	0	0	0	0	0	0	0	0	0			99.25	0.01
120	2000	7/21/2000	334	2	2	2	34	1	1	0	0	0	0	0	0	0	0	1	0	0	0	0	0	0	0	0	0	0	0	1			77.58	0.13
120	2000	7/21/2000	335	2	3	2	3L	1	0	0	1	0	0	0	1	0	0	0	1	0	0	0	0	0	0	0	0	0	0	0			80.83	0.13
120	2000	7/21/2000	336	16	17	5	34FLW	1	1	1	1	1	1	1	1	1	1	1	1	1	1	1	1	1	0	0	1	1	1	1			18.17	1.14
120	2000	7/21/2000	338	1	2	1	F	0	0	1	0	0	0	0	0	0	0	0	0	0	0	0	1	0	0	0	0	0	0	0			61.5	0.36
120	2000	7/21/2000	339	16	17	5	34FLW	1	1	1	1	1	1	0	1	1	1	1	1	1	1	1	1	1	1	1	1	1	1	0			22.67	1.08
120	2000	7/21/2000	342	2	3	2	FL	0	0	1	1	0	0	0	0	0	0	0	0	0	0	1	1	0	0	0	0	0	0	0			16.5	1.43
120	2000	7/22/2000	232	8	10	5	34FLW	1	1	1	1	1	0	0	1	0	0	0	1	0	0	1	1	1	0	0	1	0	1	1			15.92	1.43
120	2000	7/22/2000	233	4	4	4	3FLW	1	0	1	1	1	0	0	0	0	0	0	0	0	1	0	0	0	1	1	1	0	0	0			56.75	0.45
120	2000	7/22/2000	234	2	2	2	3L	1	0	0	1	0	0	0	0	0	0	1	0	0	0	1	0	0	0	0	0	0	0	0			26.58	1.03
120	2000	7/22/2000	235	16	17	5	34FLW	1	1	1	1	1	1	1	1	1	1	0	0	1	1	1	1	1	1	1	1	1	1	1			18.42	1.31
120	2000	7/22/2000	236	2	2	2	4L	0	1	0	1	0	0	0	0	0	0	0	0	1	0	0	0	1	0	0	0	0	0	0			37.58	0.73
120	2000	7/22/2000	237	1	1	1	3	1	0	0	0	0	0	0	0	0	0	0	0	0	0	0	0	0	0	1	0	0	0	0			80.17	0.16
120	2000	7/22/2000	239	16	17	5	34FLW	1	1	1	1	1	1	1	1	1	1	1	1	1	0	1	1	0	1	1	1	1	1	1			22	1.19
120	2000	7/22/2000	242	16	17	5	34FLW	1	1	1	1	1	0	1	1	1	1	1	1	0	1	1	1	1	1	1	1	1	1	1			47.33	0.54
120	2000	7/22/2000	244	0	0	0		0	0	0	0	0	0	0	0	0	0	0	0	0	0	0	0	0	0	0	0	0	0	0			95.25	0.03
120	2000	7/22/2000	248	0	0	0		0	0	0	0	0	0	0	0	0	0	0	0	0	0	0	0	0	0	0	0	0	0	0			94.5	0.04
120	2000	7/22/2000	253	16	17	5	34FLW	1	1	1	1	1	1	1	1	1	1	0	1	1	1	1	1	1	1	1	0	1	1	1			36.25	0.7
120	2000	7/22/2000	255	1	1	1	W	0	0	0	0	1	0	0	0	0	0	0	0	0	0	0	0	0	0	0	1	0	0	0			90.58	0.07
120	2000	7/22/2000	256	1	1	1	3	1	0	0	0	0	0	1	0	0	0	0	0	0	0	0	0	0	0	0	0	0	0	0			82.42	0.12
120	2000	7/22/2000	257	16	17	5	34FLW	1	1	1	1	1	1	1	1	0	0	1	1	1	1	1	1	1	1	1	1	1	1	1			14.33	1.2
120	2000	7/22/2000	259	2	2	2	4L	0	1	0	1	0	0	0	0	0	0	0	0	1	0	0	0	0	0	0	0	0	1	0			36.58	0.61
120	2000	7/22/2000	265	1	1	1	L	0	0	0	1	0	0	0	0	0	0	0	0	0	0	1	0	0	0	0	0	0	0	0			41	0.5
120	2000	7/22/2000	266	8	9	5	34FLW	1	1	1	1	1	1	1	1	1	0	0	0	0	0	0	0	0	1	0	0	1	1	1			45.08	0.45
120	2000	7/22/2000	280	1	1	1	4	0	1	0	0	0	0	0	0	0	0	0	0	0	0	0	0	0	0	0	0	0	1	0			69.08	0.18
120	2000	7/22/2000	282	1	1	1	4	0	1	0	0	0	0	0	0	0	0	0	0	0	0	0	0	0	0	0	0	0	0	1			68.25	0.18
120	2000	7/22/2000	283	8	8	3	34F	1	1	1	0	0	1	1	0	1	1	1	0	0	0	0	0	1	0	0	0	0	1	1			60	0.24
120	2000	7/22/2000	286	4	4	3	34L	1	1	0	1	0	0	0	0	0	0	0	0	1	0	0	0	0	0	1	0	0	1	1			52.08	0.28
120	2000	7/22/2000	287	4	5	3	34F	1	1	1	0	0	1	0	0	0	0	1	0	0	0	0	1	0	0	0	0	0	1	0			66.67	0.17
120	2000	7/22/2000	290	1	2	1	F	0	0	1	0	0	0	0	0	0	0	0	0	0	0	0	1	0	0	0	0	0	0	0			56.83	0.2
120	2000	7/22/2000	291	1	1	1	L	0	0	0	1	0	0	0	0	0	0	0	0	0	0	0	0	0	1	0	0	0	0	0			62.08	0.16
120	2000	7/23/2000	205	1	1	1	L	0	0	0	1	0	0	0	0	0	0	0	0	0	0	0	0	0	1	0	0	0	0	0			55.33	0.47
120	2000	7/23/2000	206	8	9	4	34FL	1	1	1	1	0	0	1	0	1	1	0	0	1	0	1	1	0	0	1	0	0	0	1			21.58	0.98
120	2000	7/23/2000	208	8	8	4	34FL	1	1	1	1	0	1	1	0	0	0	0	1	1	0	1	0	1	0	1	0	0	1	0			12.75	1.17
120	2000	7/23/2000	210	8	8	4	34FL	1	1	1	1	0	1	0	0	0	0	1	1	1	1	1	0	0	0	1	0	0	1	0			19.58	0.82
120	2000	7/23/2000	211	2	4	2	FL	0	0	1	1	0	0	0	1	0	0	0	0	0	0	0	1	0	0	0	0	0	0	0			34.33	0.65
120	2000	7/23/2000	213	8	9	5	34FLW	1	1	1	1	1	1	0	1	1	0	0	1	1	0	0	0	0	0	1	0	1	1	0			41.17	0.63
120	2000	7/24/2000	153	1	1	1	3	1	0	0	0	0	0	1	0	0	0	0	0	0	0	0	0	0	0	0	0	0	0	0			83.08	0.15
120	2000	7/24/2000	156	16	17	5	34FLW	1	1	1	1	1	1	1	1	1	1	1	1	1	1	0	1	1	1	0	1	1	1	1			65	0.35
120	2000	7/24/2000	157	2	2	1	3	1	0	0	0	0	0	1	0	0	0	0	1	0	0	0	0	0	0	0	0	0	0	0			85.42	0.12
120	2000	7/24/2000	160	16	17	5	34FLW	1	1	1	1	1	1	1	1	1	1	0	1	1	1	1	1	1	1	0	1	1	1	1			67.17	0.31
120	2000	7/24/2000	161	1	1	1	W	0	0	0	0	1	0	0	0	0	0	0	0	0	0	0	0	0	0	0	0	1	0	0			76.75	0.21
120	2000	7/24/2000	163	1	1	1	4	0	1	0	0	0	0	0	0	0	0	0	0	0	0	0	0	0	0	0	0	0	0	1			71.42	0.25
120	2000	7/24/2000	164	16	17	5	34FLW	1	1	1	1	1	0	1	1	1	1	1	1	1	1	0	1	1	1	1	1	1	1	1			52.75	0.47
120	2000	7/24/2000	185	1	1	1	L	0	0	0	1	0	0	0	0	0	0	0	0	0	0	0	0	0	1	0	0	0	0	0			77.5	0.21
120	2000	7/24/2000	186	16	17	5	34FLW	1	1	1	1	1	1	1	1	0	1	1	1	1	0	1	1	1	1	1	1	1	1	1			26.67	1.11
120	2000	7/24/2000	189	2	2	2	4W	0	1	0	0	1	0	0	0	0	0	0	0	0	0	0	0	0	0	0	1	0	1	0			67.17	0.32
120	2000	7/24/2000	190	4	4	3	FLW	0	0	1	1	1	0	0	0	0	0	0	0	1	1	0	0	0	1	0	0	1	0	0			57.83	0.45
120	2000	7/24/2000	193	2	2	2	4L	0	1	0	1	0	0	0	0	1	0	0	0	0	0	1	0	0	0	0	0	0	0	0			14.17	1.42
120	2000	7/24/2000	197	2	2	2	4F	0	1	1	0	0	0	0	0	0	1	0	0	0	0	0	0	1	0	0	0	0	0	0			49.58	0.43
120	2000	7/24/2000	199	4	4	3	4LW	0	1	0	1	1	0	0	0	0	0	0	0	0	0	1	0	0	0	0	1	1	1	0			10.58	1.02
120	2000	7/24/2000	201	4	4	3	4LW	0	1	0	1	1	0	0	0	0	0	0	0	1	0	0	0	0	1	0	1	0	0	1			18.42	0.71
120	2000	7/24/2000	202	16	17	4	34FL	1	1	1	1	0	1	1	1	1	1	1	1	1	1	1	1	1	1	1	0	0	1	1			6.83	1
120	2000	7/24/2000	220	16	17	5	34FLW	1	1	1	1	1	1	1	1	1	1	0	1	1	0	1	1	1	1	1	1	1	1	1			34	0.52
120	2000	7/24/2000	221	2	2	1	W	0	0	0	0	1	0	0	0	0	0	0	0	0	0	0	0	0	0	0	1	1	0	0			69.92	0.18
120	2000	7/24/2000	223	4	4	3	3FW	1	0	1	0	1	0	0	0	0	0	0	1	0	1	0	0	0	0	1	1	0	0	0			63.83	0.28
120	2000	7/24/2000	224	2	2	2	4F	0	1	1	0	0	1	0	0	0	0	0	0	0	0	0	0	0	0	0	0	0	0	1			61.83	0.32
120	2000	7/24/2000	225	4	4	4	34LW	1	1	0	1	1	0	0	0	0	0	1	0	0	0	0	0	0	1	0	1	0	1	0			53.25	0.46
120	2000	7/24/2000	227	16	17	5	34FLW	1	1	1	1	1	0	1	1	1	1	1	1	1	1	1	1	1	1	1	0	1	1	1			24.33	1.09
120	2000	7/27/2000	125	2	2	2	4L	0	1	0	1	0	0	0	0	0	0	0	0	0	0	0	0	0	1	0	0	0	1	0			56.5	0.41
120	2000	7/27/2000	126	0	0	0		0	0	0	0	0	0	0	0	0	0	0	0	0	0	0	0	0	0	0	0	0	0	0			91.67	0.07
120	2000	7/27/2000	127	2	2	2	LW	0	0	0	1	1	0	0	0	0	0	0	0	1	0	0	0	0	0	0	0	1	0	0			71.17	0.28
120	2000	7/27/2000	129	1	1	1	F	0	0	1	0	0	0	0	0	0	0	0	0	0	1	0	0	0	0	0	0	0	0	0			60.92	0.42
120	2000	7/27/2000	130	8	8	5	34FLW	1	1	1	1	1	1	0	0	0	1	1	0	0	1	0	0	1	1	0	0	1	1	0			33.67	0.9
120	2000	7/27/2000	133	4	6	3	4FL	0	1	1	1	0	0	0	1	0	0	0	0	1	0	0	1	0	0	0	0	0	1	0			47.75	0.6
120	2000	7/27/2000	135	1	1	1	4	0	1	0	0	0	0	0	0	0	0	0	0	0	0	0	0	0	0	0	0	0	1	0			74.08	0.24
120	2000	7/27/2000	136	16	17	5	34FLW	1	1	1	1	1	1	1	1	1	1	1	0	1	1	1	1	1	1	0	1	1	1	1			20.58	1.27
120	2000	7/27/2000	137	1	1	1	L	0	0	0	1	0	0	0	1	0	0	0	0	0	0	0	0	0	0	0	0	0	0	0			26.92	1.11
120	2000	7/27/2000	138	4	4	2	3F	1	0	1	0	0	1	0	0	0	0	1	1	0	1	0	0	0	0	0	0	0	0	0			53.33	0.53
120	2000	7/27/2000	139	4	4	2	3L	1	0	0	1	0	0	1	0	0	0	1	1	1	0	0	0	0	0	0	0	0	0	0			48.67	0.58
120	2000	7/27/2000	142	1	1	1	3	1	0	0	0	0	0	0	0	0	0	0	1	0	0	0	0	0	0	0	0	0	0	0			90.42	0.07
120	2000	7/27/2000	165	2	2	2	34	1	1	0	0	0	0	0	0	0	0	0	0	0	0	0	0	0	0	1	0	0	0	1			71.25	0.22
120	2000	7/27/2000	166	0	0	0		0	0	0	0	0	0	0	0	0	0	0	0	0	0	0	0	0	0	0	0	0	0	0			97.75	0.02
120	2000	7/27/2000	167	1	1	1	F	0	0	1	0	0	0	0	0	0	0	0	0	0	1	0	0	0	0	0	0	0	0	0			77.83	0.16
120	2000	7/27/2000	168	2	2	2	34	1	1	0	0	0	0	0	0	1	0	0	1	0	0	0	0	0	0	0	0	0	0	0			62.83	0.34
120	2000	7/27/2000	169	16	17	5	34FLW	1	1	1	1	1	1	1	0	1	1	1	1	1	1	1	1	1	1	1	1	1	0	1			33.92	0.85
120	2000	7/27/2000	170	8	10	4	3FLW	1	0	1	1	1	1	0	1	0	1	1	1	0	0	0	1	0	1	0	1	0	0	0			65.08	0.41
120	2000	7/27/2000	171	2	2	2	3L	1	0	0	1	0	0	0	0	0	0	0	1	0	0	1	0	0	0	0	0	0	0	0			52.83	0.5
120	2000	7/27/2000	174	16	17	5	34FLW	1	1	1	1	1	1	1	1	0	1	1	1	1	1	1	1	1	1	0	1	1	1	1			24.67	1.05
120	2000	7/27/2000	175	2	2	2	4L	0	1	0	1	0	0	0	0	0	0	0	0	0	0	1	0	0	0	0	0	0	0	1			19.33	1.2
120	2000	7/27/2000	176	4	4	3	34F	1	1	1	0	0	0	1	0	0	0	0	0	0	1	0	0	1	0	1	0	0	0	0			62.42	0.34
120	2000	7/27/2000	177	8	9	5	34FLW	1	1	1	1	1	0	0	1	1	1	0	1	0	1	0	0	0	0	0	0	1	1	1			56.42	0.4
120	2000	7/27/2000	178	8	9	3	34F	1	1	1	0	0	1	1	0	0	0	1	1	0	1	0	1	1	0	0	0	0	1	0			34.83	0.74
120	2000	7/28/2000	81	8	8	4	34FL	1	1	1	1	0	1	1	0	0	0	1	0	1	1	0	0	0	1	1	0	0	1	0			60.92	0.34
120	2000	7/28/2000	82	16	17	5	34FLW	1	1	1	1	1	1	0	1	1	1	1	0	1	1	1	1	1	1	1	1	1	1	1			30.5	0.94
120	2000	7/28/2000	83	1	1	1	L	0	0	0	1	0	0	0	0	0	0	0	0	0	0	1	0	0	0	0	0	0	0	0			69.25	0.27
120	2000	7/28/2000	87	1	1	1	4	0	1	0	0	0	0	0	0	0	0	0	0	0	0	0	0	0	0	0	0	0	0	1			72.17	0.25
120	2000	7/28/2000	89	16	16	5	34FLW	1	1	1	1	1	1	1	1	1	1	1	1	0	1	1	0	1	1	1	1	1	1	1			20.17	1.26
120	2000	7/28/2000	92	1	1	1	4	0	1	0	0	0	0	0	0	0	0	0	0	0	0	0	0	0	0	0	0	0	0	1			62.83	0.39
120	2000	7/28/2000	93	4	4	2	3L	1	0	0	1	0	0	1	0	0	0	0	1	0	0	1	0	0	1	0	0	0	0	0			44.33	0.7
120	2000	7/28/2000	94	1	1	1	L	0	0	0	1	0	0	0	0	0	0	0	0	1	0	0	0	0	0	0	0	0	0	0			39.25	0.77
120	2000	7/28/2000	98	8	8	5	34FLW	1	1	1	1	1	1	1	0	1	0	0	1	0	0	1	0	1	0	1	1	0	0	0			20.5	1.36
120	2000	7/28/2000	104	8	8	5	34FLW	1	1	1	1	1	1	0	0	0	0	1	1	0	1	1	0	0	1	0	1	0	1	0			45.58	0.66
120	2000	7/28/2000	107	16	17	5	34FLW	1	1	1	1	1	0	1	1	1	1	1	1	1	1	1	1	1	1	1	1	1	1	0			63.67	0.38
120	2000	7/28/2000	108	16	17	5	34FLW	1	1	1	1	1	1	1	1	1	0	1	1	0	1	1	1	1	1	1	1	1	1	1			48.08	0.6
120	2000	7/28/2000	109	1	1	1	4	0	1	0	0	0	0	0	0	1	0	0	0	0	0	0	0	0	0	0	0	0	0	0			78.25	0.19
120	2000	7/28/2000	110	4	4	3	34L	1	1	0	1	0	0	0	0	0	0	1	0	1	0	1	0	1	0	0	0	0	0	0			32.17	0.89
120	2000	7/28/2000	111	8	10	4	3FLW	1	0	1	1	1	1	1	1	0	0	0	0	1	0	0	1	0	0	1	1	1	0	0			62.33	0.38
120	2000	7/28/2000	115	8	9	4	34FW	1	1	1	0	1	0	1	0	1	1	1	1	0	0	0	1	0	0	1	1	0	0	0			70	0.27
120	2000	7/28/2000	117	2	2	2	FL	0	0	1	1	0	0	0	0	0	1	0	0	0	0	1	0	0	0	0	0	0	0	0			52.5	0.44
120	2000	7/28/2000	118	8	9	5	34FLW	1	1	1	1	1	1	1	0	1	1	0	1	0	0	0	1	0	1	0	0	1	0	0			68.5	0.26
120	2000	7/28/2000	146	8	9	5	34FLW	1	1	1	1	1	1	0	0	1	0	0	0	1	0	0	1	1	0	1	1	1	0	0			39.08	0.55
120	2000	7/28/2000	149	4	6	4	4FLW	0	1	1	1	1	0	0	1	0	0	0	0	0	0	0	1	0	0	0	0	1	0	1			40.42	0.57
120	2000	7/28/2000	151	1	1	1	W	0	0	0	0	1	0	0	0	0	0	0	0	0	0	0	0	0	0	0	1	0	0	0			78.42	0.17
120	2000	7/29/2000	2	1	1	1	L	0	0	0	1	0	0	0	0	0	0	0	0	1	0	0	0	0	0	0	0	0	0	0			73.92	0.24
120	2000	7/29/2000	3	4	5	2	4F	0	1	1	0	0	0	0	0	0	1	0	0	0	1	0	1	1	0	0	0	0	0	0			83.58	0.15
120	2000	7/29/2000	5	1	1	1	4	0	1	0	0	0	0	0	0	1	0	0	0	0	0	0	0	0	0	0	0	0	0	0			88.25	0.1
120	2000	7/29/2000	6	2	2	1	4	0	1	0	0	0	0	0	0	0	0	0	0	0	0	0	0	1	0	0	0	0	1	0			86.25	0.12
120	2000	7/29/2000	9	16	17	5	34FLW	1	1	1	1	1	1	1	1	1	1	1	0	1	1	1	1	1	1	1	0	1	1	1			37.17	0.79
120	2000	7/29/2000	11	1	1	1	F	0	0	1	0	0	1	0	0	0	0	0	0	0	0	0	0	0	0	0	0	0	0	0			86.33	0.11
120	2000	7/29/2000	12	8	10	4	34FL	1	1	1	1	0	1	0	1	0	0	0	1	0	0	1	1	0	0	1	0	0	1	1			34.33	0.88
120	2000	7/29/2000	14	2	2	1	F	0	0	1	0	0	0	0	0	0	1	0	0	0	1	0	0	0	0	0	0	0	0	0			81.08	0.16
120	2000	7/29/2000	15	8	10	4	3FLW	1	0	1	1	1	0	1	1	0	0	1	0	0	0	0	1	0	1	1	1	1	0	0			38.92	0.73
120	2000	7/29/2000	16	1	1	1	F	0	0	1	0	0	0	0	0	0	1	0	0	0	0	0	0	0	0	0	0	0	0	0			86	0.11
120	2000	7/29/2000	20	1	1	1	L	0	0	0	1	0	0	0	1	0	0	0	0	0	0	0	0	0	0	0	0	0	0	0			72.42	0.25
120	2000	7/29/2000	22	8	10	4	3FLW	1	0	1	1	1	0	1	1	0	1	1	1	0	1	0	1	0	0	0	0	1	0	0			58.75	0.4
120	2000	7/29/2000	24	4	4	3	34F	1	1	1	0	0	0	0	0	0	1	1	0	0	0	0	0	1	0	0	0	0	1	0			82	0.14
120	2000	7/29/2000	26	4	4	3	34L	1	1	0	1	0	0	1	0	0	0	1	0	0	0	0	0	0	1	0	0	0	0	1			54.25	0.46
120	2000	7/29/2000	27	16	17	5	34FLW	1	1	1	1	1	1	1	1	0	1	0	1	1	1	1	1	1	1	1	1	1	1	1			34.42	0.78
120	2000	7/29/2000	28	4	4	2	LW	0	0	0	1	1	0	0	0	0	0	0	0	1	0	0	0	0	1	0	1	1	0	0			47.5	0.55
120	2000	7/29/2000	29	1	1	1	L	0	0	0	1	0	0	0	0	0	0	0	0	1	0	0	0	0	0	0	0	0	0	0			50.08	0.53
120	2000	7/29/2000	30	16	17	5	34FLW	1	1	1	1	1	1	1	1	1	1	1	1	0	1	1	1	1	0	1	1	1	1	1			37.75	0.72
120	2000	7/29/2000	31	1	1	1	4	0	1	0	0	0	0	0	0	0	0	0	0	0	0	0	0	0	0	0	0	0	1	0			89.58	0.07
120	2000	7/29/2000	32	2	2	2	4W	0	1	0	0	1	0	0	0	1	0	0	0	0	0	0	0	0	0	0	1	0	0	0			75.67	0.2
120	2000	7/29/2000	33	4	5	4	34FL	1	1	1	1	0	0	1	1	1	0	0	0	0	1	0	0	0	0	0	0	0	0	0			62.5	0.34
120	2000	7/29/2000	34	16	17	5	34FLW	1	1	1	1	1	1	1	1	1	1	1	1	0	0	1	1	1	1	1	1	1	1	1			46.75	0.54
120	2000	7/29/2000	35	16	17	5	34FLW	1	1	1	1	1	0	1	1	1	1	1	1	1	1	1	1	1	1	0	1	1	1	1			42.33	0.58
120	2000	7/29/2000	44	4	5	3	4FL	0	1	1	1	0	0	0	1	0	1	0	0	0	0	0	0	1	1	0	0	0	0	0			63.42	0.26
120	2000	7/29/2000	45	4	4	4	4FLW	0	1	1	1	1	0	0	0	1	0	0	0	0	1	0	0	0	1	0	0	1	0	0			66.33	0.23
120	2000	7/29/2000	46	16	17	5	34FLW	1	1	1	1	1	1	1	1	1	1	1	1	0	1	1	1	1	1	1	1	1	1	0			42.83	0.45
120	2000	7/29/2000	48	2	2	2	3L	1	0	0	1	0	0	0	0	0	0	0	1	1	0	0	0	0	0	0	0	0	0	0			38.25	0.55
120	2000	7/29/2000	50	8	9	4	3FLW	1	0	1	1	1	1	0	1	0	0	1	1	1	0	0	0	0	1	1	0	1	0	0			62.83	0.25
120	2000	7/29/2000	53	4	4	4	34LW	1	1	0	1	1	0	0	0	0	0	0	0	1	0	0	0	0	0	1	0	1	0	1			63.17	0.21
120	2000	7/29/2000	56	2	2	2	4L	0	1	0	1	0	0	0	0	0	0	0	0	0	0	1	0	0	0	0	0	0	1	0			30.08	0.53
120	2000	7/29/2000	57	8	10	4	34FL	1	1	1	1	0	1	1	1	0	0	0	1	1	0	0	1	0	0	1	0	0	1	0			49.5	0.31
120	2000	7/29/2000	58	4	5	3	34F	1	1	1	0	0	0	0	0	1	0	0	0	0	0	0	1	0	0	1	0	0	0	1			56.33	0.23
120	2000	7/29/2000	62	4	5	3	3LW	1	0	0	1	1	0	0	1	0	0	1	0	1	0	0	0	0	0	0	0	1	0	0			43.83	0.29
120	2000	7/29/2000	67	8	10	5	34FLW	1	1	1	1	1	0	1	1	0	0	0	1	0	0	1	1	0	0	0	1	1	0	1			15.83	0.6
120	2000	7/29/2000	68	16	17	5	34FLW	1	1	1	1	1	1	1	0	0	1	1	1	1	1	1	1	1	1	1	1	1	1	1			12.17	0.62
120	2000	7/29/2000	69	1	1	1	F	0	0	1	0	0	1	0	0	0	0	0	0	0	0	0	0	0	0	0	0	0	0	0			72.25	0.09
120	2000	7/29/2000	70	4	4	3	4FL	0	1	1	1	0	0	0	0	1	1	0	0	0	0	1	0	0	0	0	0	0	1	0			16.42	0.5
120	2000	7/29/2000	73	2	3	2	FW	0	0	1	0	1	0	0	0	0	0	0	0	0	0	0	1	0	0	0	1	0	0	0			46.42	0.18
120	2000	7/29/2000	74	8	9	5	34FLW	1	1	1	1	1	1	1	1	0	1	1	1	0	0	0	0	0	0	0	0	1	0	1			58	0.12
120	2000	7/29/2000	75	2	2	2	4F	0	1	1	0	0	0	0	0	0	1	0	0	0	0	0	0	1	0	0	0	0	0	0			53.58	0.13
